[[-437, -357, 197, 403, 410, -491, 474, 165, 182, -400, -436, 16, 179, 230, 277, 371, 206, -543, -509, -566, -215, 289, 127, 445, 277, -236, -596, 421, 477, 510, 13, 539, -141, 384, -7, -205, 456, 258, -492, 399, 254, -468, 219, 499, 345, -318, -555, -444, 58, 119, -224, -390, -278, 163, -513, -321, -201, -481, -491, 89, 91, 543, 265, -373, 306, 229, 76, -51, 355, 240, -298, 509, -500, -43, -190, -117, -351, 518, 69, 385],
[-333, -581, -144, -393, 359, -16, 515, 398, 422, 281, 243, 529, -55, 559, -367, -585, 574, 97, -560, -497, 387, 380, 234, -106, -125, -70, -493, -242, -281, 380, 178, 52, 14, -134, 326, -381, -551, -539, 163, -196, -4, -400, 463, 370, -17, 271, -454, 499, 431, 270, -2, -534, 283, -515, -586, -577, -234, 497, -81, -397, 416, -524, 385, 53, 254, 224, -480, -138, 92, -548, -99, 349, -510, -142, -123, 101, 215, 437, 410, -329],
[200, -400, 446, 156, -200, 544, 150, -14, -270, 77, -314, 511, -16, -215, 264, 475, 252, 161, 122, 298, 200, -182, -582, 432, -263, 260, -78, 197, 320, -195, 107, 151, -589, -537, -467, -370, 485, 5, -195, -364, -189, -287, -326, -380, 310, 569, -389, -472, 574, -225, -403, 35, 177, -323, -579, -324, -472, -556, -453, -269, 456, 580, -374, 66, -216, -458, 465, -25, 27, -580, 255, 75, 556, 416, -412, -393, 476, 491, -504, 71],
[-14, 520, 83, 111, -396, 298, -124, 84, -347, -484, -319, 547, 126, -378, -574, -145, -345, 186, -177, -94, -489, 452, -200, -470, 259, 365, 232, -263, 204, -523, -221, 416, 353, 492, 315, 253, 6, -189, 260, 463, -424, -300, -531, 438, 570, -213, 240, -207, 386, 125, 30, 199, -377, 67, 80, 237, 13, -126, -447, 505, 181, 59, -526, 54, 377, -520, -85, 187, -532, -215, 572, -234, 207, 69, 322, 570, -414, 291, 337, -479],
[-246, -291, -71, 351, -8, 186, -34, 371, 318, -57, -540, 402, -542, 597, -549, -13, 69, 17, 69, -494, 20, -377, -324, 159, 26, 110, -446, -297, 83, -328, 191, 561, 90, 24, 181, 16, 314, -223, 318, -571, -477, -344, -118, 113, 137, 332, 142, -465, -339, -157, -505, -476, 591, 203, -501, 150, 254, 309, 86, -535, 182, -321, -115, 95, 571, -73, 84, 577, 13, 185, -178, 583, 101, -508, 422, -146, 288, 407, -537, 494],
[-261, 386, -326, 59, -365, -396, -150, -556, 511, -345, 65, -583, 224, 222, -535, 423, -550, 321, 103, 107, -200, 520, 301, -176, -296, -351, 131, 183, -256, -158, 46, 95, -485, -261, -566, -158, 465, -409, 328, 223, -146, -162, -409, 576, -133, -470, 105, 341, -556, -95, -316, 13, 398, -4, -382, -294, 545, -284, 94, -564, -116, -267, -256, -597, -448, 34, -196, 297, 433, 256, -202, -393, 118, -189, -274, -229, -202, -436, 108, -30],
[322, 104, -259, -113, -391, -190, 28, 158, -203, -85, -35, 344, -309, -478, -436, -479, 415, -69, -440, 66, -318, 263, -118, 533, -557, 465, 139, -239, 10, -40, 418, -130, -596, -213, 553, -579, 154, -351, 167, -56, -150, -146, -405, 272, 340, -256, -275, -18, 401, -353, -481, 101, 402, 223, 57, -187, 97, 413, 324, 576, -436, -564, -152, -521, -140, 146, -507, 583, 231, 445, 419, 328, 499, 406, 38, 60, 27, 537, -118, -464],
[-314, 224, 578, 450, 88, -27, 160, -217, -176, -357, -531, 368, 368, -10, 336, -69, -478, -135, 269, -29, 545, -285, 395, 55, -431, 50, -69, 269, 145, 173, -519, -314, 479, -314, -229, 3, 373, -187, 366, 572, 252, 72, 341, -579, -323, 204, 114, 333, 455, -188, -481, -193, -202, -108, 120, -339, 318, 242, -266, 10, -449, -537, 42, -502, -232, -174, 254, -529, -364, 92, 286, 165, -91, 516, 422, 245, 398, 329, -168, -220],
[-43, -111, 227, 99, 313, -545, -339, 504, 566, -482, -32, -297, -215, -370, 126, -33, 478, 161, -323, -523, -472, -454, -144, 243, -408, -222, -64, 250, 80, -401, 515, -102, 543, -8, 558, -450, -81, 423, -217, -335, -8, 179, 114, -269, -220, -230, 586, 60, -142, -256, 228, 360, 349, -432, 22, 36, -545, -183, 405, -291, 454, -533, 534, 178, -147, 361, 408, -63, 203, 79, -563, -255, -521, 127, -417, -79, -365, -587, 46, -18],
[-90, 437, 183, 308, 421, -580, -193, -536, 37, -2, -17, -171, 468, 490, -1, 320, 64, -423, 68, -29, -240, -253, -483, 580, 495, -151, -180, 453, 569, -405, -341, -177, -147, -176, -3, -429, -269, -273, 14, -508, 207, 220, -460, 587, -370, 126, -494, 132, -421, 549, -600, -435, 100, 474, -67, -394, -361, 372, 469, 43, 316, 576, 524, 113, -305, 200, 499, 421, -403, 6, 363, 484, -147, -243, 563, 521, 597, 216, -263, -334],
[195, -142, 403, -383, -69, -47, 60, 99, 453, 372, -234, -8, -48, 526, 19, -239, 288, -73, 332, 28, 234, 496, 382, -354, -192, 389, -16, 50, 33, -510, -9, 237, -88, 262, -585, -232, 155, -590, -460, 48, 467, 25, -186, -447, -438, -27, -333, -49, 256, 310, -102, 337, -318, 122, -527, -287, 572, -205, 332, 563, -281, 246, 223, 63, -59, -26, -337, -519, 226, -315, 524, 497, 104, -559, 223, -416, -80, 379, 476, -486],
[-574, -188, 91, -368, 320, -316, 149, -382, 451, 478, 310, 158, 469, 110, 335, 106, 555, -468, -29, 12, -394, 399, 576, -422, -284, -161, 243, 399, -340, -156, -559, 266, -405, -422, -367, 525, -407, -7, 376, 330, 242, 276, 495, 305, -269, 262, 5, 311, 283, 552, 434, 439, -498, -311, 131, 530, -417, -212, 29, -203, -173, 409, -377, 222, 575, 441, 73, 408, -119, 109, -14, -470, -5, -308, 289, -334, 66, 2, 569, 370],
[-69, 561, 380, -196, 451, -159, -186, 349, 200, 24, 417, -141, 362, -204, -191, 151, 153, -82, -382, 395, -83, -31, 359, -117, 451, -201, 276, -405, 385, -174, 409, -191, 518, 96, -264, -481, 71, 475, -5, -460, -586, 32, -475, -229, -44, 433, -60, 458, 551, -28, -138, -49, 269, 216, 375, -589, 549, 448, 411, -383, -498, 521, -187, 347, -216, 362, -340, -405, 530, 135, -257, -97, 164, -169, -308, 300, -281, -96, 444, 575],
[179, 213, 438, 201, -433, 423, -472, 412, 95, 137, -592, 308, 1, 362, -354, 275, -325, 263, -136, -270, -362, 226, 11, 227, -225, -558, -8, 397, -132, 155, 10, 408, -581, -357, 37, 84, -420, 88, 126, -124, -493, 54, 404, 8, 552, -41, 319, -89, -147, -216, 512, 498, -425, -434, 443, 457, -260, -109, -2, -488, 332, 503, 525, -333, 8, 567, 544, -97, 37, -19, 471, 475, -245, -332, -164, -562, -115, 219, 495, -295],
[517, 439, 345, 198, 285, 496, 253, 196, 487, 80, -201, -121, -390, -90, -79, 373, -15, 409, -292, 168, 13, 493, -200, -16, -236, -461, -1, -48, -212, 460, -537, -415, -483, 134, 424, -535, -550, -492, 436, 368, -186, -36, -554, -575, -269, -155, -144, 444, -6, -158, 342, 156, 325, -81, -416, 517, 436, 256, 125, -4, -520, 571, -466, 201, 442, -368, -21, 510, -50, -323, 164, 130, 522, -94, 276, 100, 343, -496, 421, -439],
[203, 168, 470, 317, -512, 239, -595, -240, -508, 95, 406, 236, 599, -22, -244, 467, -259, 390, 502, 377, 563, -82, -600, -286, 289, -539, -136, 451, -144, -199, -548, -455, -591, 485, 356, -148, 132, -187, -532, 592, -252, 111, 385, -126, -351, 36, 393, 90, 195, -417, 271, -220, 452, 368, -414, 549, -158, 502, -528, 264, 579, -302, -419, 409, -572, -544, -391, -69, -349, 561, 152, 86, -557, 291, -470, -379, -413, -345, 57, -262],
[-356, -579, -545, 518, 65, 139, 102, -224, -465, -185, -83, 593, 81, -63, -557, -356, 125, -211, 244, 440, 51, -547, 578, -44, -128, -57, 565, 442, -189, -138, 433, -328, 379, 347, 599, 568, 418, -215, 182, -317, 578, -395, 170, 196, -117, -514, -385, -479, 409, 200, -417, -133, 3, -560, -406, -455, 167, 214, 375, -429, 16, -504, -50, 486, 226, -474, -306, 582, 451, 369, -147, 594, -129, 424, 87, 433, -237, 531, -462, -87],
[13, 127, -345, 339, -426, -44, -394, -488, -5, -492, 141, -331, -135, 410, -573, 451, 269, -373, -121, -492, -281, 352, -367, -231, 382, -583, -569, -501, 551, 497, 381, 354, -328, 29, 185, 231, 347, -153, 84, -298, -65, 143, 166, -292, -526, 155, 300, -254, 140, 26, 422, -262, 463, 449, -460, -180, -49, -194, 585, 110, 154, 6, 364, 437, 47, -582, 451, -8, 503, -291, 125, 416, 524, 525, -17, -89, 300, 594, -504, 409],
[430, 389, 409, 585, 7, -128, 504, 550, -542, 52, 323, 88, 554, 311, -473, -272, 58, 407, -211, -372, 331, 567, -141, 243, -167, 54, 306, 93, 196, 122, -593, -159, -572, 520, 583, -457, -413, -112, -191, -131, 340, 320, -62, -118, -460, -448, 324, -343, -139, 501, -475, -411, -192, 244, 264, -269, -250, 522, 190, -425, -556, -563, 341, -303, -114, -104, 94, 94, -157, -213, -489, 136, 569, -411, -594, 94, -102, 191, -219, -271],
[-504, 463, -366, 53, -497, 488, 13, -518, -272, -425, 226, 439, -456, 246, 122, 246, 154, 543, -288, -469, -416, 158, -465, 419, 579, -445, -46, 329, 88, -110, -217, -418, 418, -234, -159, 571, 472, -197, -273, 153, -487, 217, -28, 71, -48, -530, 47, -378, 472, -221, -64, 150, 421, 185, -188, -118, 131, 72, -199, 407, 506, 516, 76, 453, -593, -110, -255, -337, 58, -304, 495, 264, 225, -479, 49, 216, -31, -189, -52, 527],
[231, -173, -506, -338, -526, 464, -491, -9, -429, -281, 428, -275, 178, 571, -379, 489, 184, 433, -264, -70, -190, 205, 189, -382, 7, -488, -383, -566, 115, -49, -365, 535, -65, 345, 174, -570, 233, -34, 110, -477, -526, 521, 102, 222, -122, 459, -411, 551, -150, -254, 424, -487, 541, 471, -317, 117, 138, -521, 387, -191, 0, 518, -109, 115, 56, -85, 240, 517, -586, -105, -431, -580, -15, -305, 299, 515, 209, 125, 81, -359],
[-290, -344, -522, 117, -180, 263, 419, -480, 222, 456, -258, -467, 209, 473, -519, 351, -592, -112, 18, -150, 193, -512, 427, 303, -508, -470, 184, -581, 214, 496, -409, 46, -548, -589, -80, 27, -97, -560, 268, -113, -263, -594, 564, -274, -456, 96, -155, 426, 220, 294, -80, -23, -424, -97, -583, 230, 588, 588, 582, -208, -404, 346, 144, 58, -276, -312, -142, 323, -168, 556, 47, 138, 440, 329, 460, -112, -77, 261, 346, 331],
[472, 535, 255, -520, 200, 306, -421, 511, 593, -422, -85, -570, -529, -133, -139, 91, 244, 118, 552, 62, -30, -422, -249, 55, 588, 76, 512, -76, 248, 556, -372, 214, 415, -390, 226, -91, -362, 585, 373, -313, 67, -79, -28, -561, -434, 195, -229, 245, -255, 46, 185, -271, 133, 5, -178, -559, 510, -447, 599, 139, 267, 425, 365, 398, -157, -423, 299, -115, 544, -195, 423, 145, 166, 372, 40, -31, 596, 410, -158, -166],
[423, 165, -474, 442, 552, 530, -241, -249, 476, -199, 191, 107, -530, 206, -362, 263, -492, -7, -365, 529, -518, 240, -291, -236, -520, 295, -511, -260, 16, -158, 295, 24, -183, -322, 303, -223, -511, -426, -497, 314, -240, 410, -225, -39, 438, -383, 197, -529, 182, -556, 457, 50, -197, -430, -433, 150, -256, -115, 470, -198, 586, -389, 587, 541, 168, -154, 340, 534, -383, -81, 238, -534, 96, -216, 164, -307, 5, -196, -327, -151],
[557, -492, 154, -330, -124, -148, -158, 594, -157, -184, 546, 311, 24, -598, 193, 334, -63, 460, 520, 243, 367, -490, 146, 419, -366, 350, -99, 570, 200, -425, -264, -170, -272, 0, 0, 240, -257, 354, 252, 593, -579, 27, 146, -166, 15, 528, 503, 130, 63, -336, -152, 426, 219, 411, -125, 148, 521, 48, -173, -121, -214, 549, 160, 508, -494, 499, 553, 412, -361, 436, 386, 248, 589, 362, -141, 17, -85, -113, 477, -350],
[408, 142, -547, -585, 567, 287, 429, 584, -451, -325, 152, -130, 493, 214, 318, 453, -416, -83, -7, -504, -228, 479, -335, -559, 500, -454, -379, 225, -334, 235, -1, -325, -335, 306, -469, 107, 552, -487, -441, 60, 3, 177, -243, 191, 17, -446, 147, 209, 258, -363, 192, 288, 5, -339, 57, -540, -358, -113, 254, 84, 393, 583, 293, -5, 363, -590, -349, -471, 66, 125, -297, -304, 555, 474, -108, -533, -449, -407, 210, 165],
[545, 137, -510, 300, -348, 141, 121, 205, -351, 354, -127, -503, 27, -290, 577, -446, 117, -86, -598, 501, 175, 226, 221, -172, -437, 7, -154, -13, -246, -362, 578, -349, 259, 153, 389, 220, -169, 501, 388, 501, 30, 147, 407, -385, 458, 207, -347, -525, 93, -591, 450, -301, -267, 381, 368, 277, -548, 393, -541, 105, -293, 198, 425, 219, 567, 134, 416, 523, 378, 63, -51, 115, 577, -193, 444, 575, -488, 8, -593, -229],
[299, -564, 23, -34, -231, 555, 511, 451, 149, -296, 293, 157, 412, 37, -67, -566, 112, -515, -10, 185, -510, -391, 89, 2, -585, 1, -232, -124, -268, -412, 84, 348, -49, 294, 163, -186, 507, -590, -177, 552, 327, 173, -76, -398, 152, -380, -372, 133, 93, -120, -52, 125, -141, -382, 375, -210, -456, -521, -194, 355, -154, -522, -254, -205, -54, -174, 446, 335, 395, -192, -26, 234, 458, 432, -92, -577, 524, -229, -160, 438],
[397, 498, -597, 122, 491, 371, 273, -126, -556, -37, 284, 554, -514, -135, -144, -270, -313, -209, -404, 8, -470, 78, -415, 570, 230, 143, -563, 128, 465, -387, 137, -514, 444, 201, 542, -595, -98, -56, 404, -371, -577, 258, -121, -283, -90, 459, -516, 309, 180, -212, -222, 0, 101, 58, -365, 489, -202, -34, -428, 412, 572, -2, 429, 93, 578, 502, 138, -186, -88, -396, -274, 138, 534, -38, -236, 139, 438, -179, 467, -167],
[-377, 309, -279, -299, 435, -95, -320, -335, 294, 476, 235, -160, -219, 12, -97, 184, -304, -120, -18, -420, 510, -315, 349, 454, 432, 499, 551, 139, 475, -213, 364, -49, -578, 19, 295, -18, 384, 145, -47, 306, 183, -322, 299, -314, -261, -549, 124, -373, -192, 269, 197, -158, -174, -170, 56, 13, -513, -306, 400, 566, -50, 414, -180, 572, -376, 505, -372, -517, 324, -573, 327, 192, 375, 564, -314, 497, -242, 259, 111, 505],
[-591, 514, -28, 9, 460, -215, -299, 161, -66, 206, -541, 23, -101, 436, -430, -400, 480, 50, 170, -393, 145, 461, -8, -126, -154, 19, 274, 102, 500, 198, 412, 319, -87, -498, 218, -414, 574, -195, 35, 335, -267, 347, -247, 15, -318, -305, -80, 497, -147, 206, -485, -446, -521, 191, -110, 366, 356, -510, 28, 565, -291, -576, 80, 169, -454, -365, -364, 304, 445, 539, 376, -20, 22, 113, -500, -143, 45, 493, -128, -441],
[-65, 274, 411, -208, -403, -314, 37, -271, -59, -9, -40, 287, -164, -355, 274, -7, -406, 365, 280, -441, 195, -168, -174, 155, 148, -508, 46, 437, -428, 134, -289, -446, -226, 59, -278, 182, 3, 295, -214, 272, 396, 38, -132, 429, 81, 448, -5, 369, 205, -356, -165, 239, -354, -192, 158, 346, -283, -46, 543, 572, 208, 2, 17, -587, -531, 503, 553, 86, -583, 142, 17, -83, -353, 393, -582, 96, -492, 132, -582, 184],
[-466, 219, -256, -74, -75, 191, -89, -318, 107, 64, -25, -239, -272, 401, 566, 372, 257, -115, 161, -495, 342, -420, -588, 362, -57, -538, 351, -4, 558, 121, -110, 281, 233, 242, 17, -39, 314, 594, 193, 31, -465, 7, -561, -525, -201, -547, 514, -408, 295, 153, -180, 598, 244, 400, -498, 431, -45, 514, -265, -534, 314, 250, -585, 574, 573, 402, -536, 332, 414, 319, 255, -278, -204, 573, 551, -106, -548, 250, 394, 172],
[427, -568, 555, 145, 530, 282, -21, -117, 390, 219, 64, 326, -174, -598, 466, 160, -456, 379, 590, -327, -107, -231, 103, -148, 590, -595, -81, -140, -182, 80, -430, -513, 263, 7, 341, -553, -145, 122, -29, 188, -160, 70, 452, -58, -171, -67, 187, 318, -499, 288, 393, 47, 476, 54, 75, 474, -586, -350, 540, -122, 9, 307, 193, -533, -294, 192, 204, -235, -514, -253, 359, 261, 533, -83, -9, 56, 384, 16, 348, -471],
[553, 401, 141, -392, 157, -416, 255, -588, -600, -246, 146, 102, 355, -275, -118, 22, -65, -176, -4, -284, 490, -489, -16, 113, -315, 137, -437, 297, 132, -456, 543, -144, -515, -334, -132, -518, 479, -147, 370, 383, 390, 308, 544, -415, -440, 90, -81, -273, -114, 325, -536, -21, 599, -397, -267, -416, 330, 205, -122, -348, -203, -146, -467, 61, 3, -384, -510, 0, -44, 194, 457, 467, 40, -223, 385, 466, -531, -510, 429, 263],
[-240, 356, 551, -29, 237, -106, -575, 2, 398, 555, 190, 50, 234, 136, -165, -269, -331, 136, -116, 81, -251, -234, 593, -269, -369, 272, 378, -229, 315, 417, -199, -380, -201, 165, -381, -435, 538, -24, 130, 277, 43, 153, 467, 28, 76, 125, 105, 166, -73, 311, 316, -48, 279, 117, 298, -239, 87, -532, -397, -398, 14, -33, 202, 116, -153, -565, 334, -426, -109, -303, 173, 307, 366, 517, -190, 354, 46, -205, 396, -348],
[-344, 479, -214, 7, -292, -291, 329, 117, -148, -294, 335, 303, -215, 188, 442, 289, -590, -471, -17, 415, 593, 1, 128, 332, -92, -567, -106, 113, -507, 444, -599, -396, -65, 289, -545, 585, -212, 38, -578, -116, -353, 546, -363, -487, 365, 26, 280, 542, 324, -274, 499, 552, -94, -173, 518, 60, -472, -479, 249, -597, 484, -461, -56, 447, -525, -276, 263, -592, -162, -224, -576, -470, 91, -44, 350, -419, -318, -414, 63, 441],
[473, -143, 592, 333, -432, 36, -413, -62, 588, -275, -567, -427, -536, -165, -72, -294, -204, -207, -519, -266, 197, 47, -549, 478, 419, -213, 484, 388, -135, -89, -290, -323, -139, -529, -345, -468, -399, 378, 123, 194, 490, 163, -573, -509, -541, 107, -445, -437, -286, 378, -384, 104, 122, -344, -582, 67, -339, -174, 311, -114, -281, 278, 272, 338, 7, 282, -304, -444, 270, -525, 293, -269, 389, -235, 160, -434, -378, 61, 267, 405],
[293, -561, -49, 289, -74, -511, -141, -211, 525, 137, 105, -365, -32, 317, -271, 396, 424, 457, 451, -415, 387, 556, -243, 458, -421, -45, -132, 591, 75, -318, -556, -287, -187, -248, -453, 105, -255, -260, 161, 330, 37, 453, -224, 445, 219, 490, -317, -291, 199, -133, 408, -313, 249, 110, 92, 333, 107, 542, 240, -175, -563, 522, 307, -136, 139, -412, -303, -99, 61, 517, -347, 15, -228, 506, -522, -373, 184, -130, 96, -369],
[350, 391, 160, 484, 374, -84, 312, -235, -296, 437, 7, 261, 92, 117, -532, 32, 222, -302, 531, -384, -398, -443, 281, 431, 397, 26, -224, 187, 560, -318, -159, 314, 29, -389, -271, 553, -180, 87, 64, -401, 222, -266, 167, -581, -63, -471, -167, 64, -490, 333, 134, -442, 137, -65, 490, -324, -474, -491, 182, 247, 515, -510, -276, 52, -27, -510, 293, 282, -427, -546, -258, -572, 416, -592, 6, -345, -207, 253, 410, -309],
[-392, -56, -460, -531, 124, 313, -46, -297, 565, 583, -508, 66, -402, -2, -595, 534, -288, -595, 109, 388, 402, 471, 220, -402, 285, 543, -147, 117, 197, -543, 592, -574, -399, 20, -395, 394, 50, 492, -347, -166, -204, -147, -545, 137, -137, -65, -357, -44, 356, 53, -499, -204, 161, 106, 305, -241, 365, 60, 507, -386, 447, -341, 417, -241, 516, 547, -251, -386, -519, -332, 269, 391, 46, 347, 57, 545, -369, 85, -405, -419],
[136, -294, 448, -493, -248, 415, -299, -11, 228, 164, 521, 245, 541, -195, -555, 317, -406, -169, -450, -68, 283, -461, 557, 390, 70, 368, 598, 322, 240, 344, 393, 114, 291, 518, 544, 282, 31, 292, -471, -469, 548, -145, 108, 585, -356, -394, 545, 319, 41, 373, -283, -280, 531, 264, -16, -431, 438, -278, -383, -86, -12, 206, -480, 407, 13, 278, 148, -560, -140, -349, 123, 379, -157, 200, 472, 2, 353, -347, 410, -334],
[-46, 432, -381, 22, 413, 215, -273, 272, -584, -180, -149, -566, 487, -5, 2, 27, -315, 381, -548, 32, -337, -346, -368, -281, -427, -89, -162, 147, -535, 118, -346, -10, 131, -203, -456, -57, -81, -355, -361, 451, 493, -325, -143, 321, 590, -426, -279, -69, 232, -478, 574, 47, -315, -174, -410, -100, 218, 291, 355, 263, -519, 130, -551, 52, 121, 373, -62, 31, -513, -415, 466, 277, -309, -537, -123, 409, -116, 166, -513, -194],
[-592, -283, -26, -352, -126, -177, -376, -169, 108, -380, -446, -193, 80, -16, 521, 56, -588, 377, 166, 289, -266, -470, 237, 407, 50, 328, -391, -18, 264, -558, -6, 347, -292, 43, 219, -53, -168, 568, -92, 361, 192, 165, 156, -196, -530, 178, 239, 444, -544, -154, 180, 433, 478, 477, -179, 457, 104, 490, 454, -281, 99, -126, 353, -51, -110, -263, -306, -529, -248, -33, 170, 31, 519, 354, -431, -585, -281, -569, -596, 303],
[516, -547, -147, 189, 295, 359, -219, -11, -3, 387, -141, -44, 102, -338, 292, -400, 365, 310, 309, -258, -347, 300, 595, 180, -520, 144, 363, -455, -101, 366, -62, 290, -384, 464, 348, 319, 12, -152, 368, -537, 86, 243, 445, -379, 205, 597, 246, -126, -540, 477, 91, 370, 256, -476, -153, 68, -363, -319, 6, -299, 313, -155, 517, -317, 256, 564, 399, 98, 470, -545, -189, -179, 371, -207, 233, 572, -79, -120, -26, 25],
[-203, 200, 175, 43, 273, -273, -197, 121, -243, -519, 304, 433, 334, 318, -557, -246, 196, 66, -336, -451, 239, 354, 385, -208, 19, 83, -451, 553, -85, -118, 80, 154, 243, -552, -593, -549, -451, 72, 10, -155, -352, -135, -430, -244, -391, 407, 73, -141, 345, -411, -85, 161, 304, -460, -84, -443, 510, 353, 101, 324, -18, 571, 564, 575, 309, -28, -585, -111, 339, -581, -63, -318, 252, 45, 10, 68, -133, 590, 2, -226],
[198, -68, 104, 206, 595, 315, -528, -345, -545, -341, -44, 239, 360, 305, 479, -549, -248, 191, -306, 27, 39, -26, -88, -460, -412, 483, -573, 545, 245, 276, 587, 458, 463, -534, -217, -391, 89, 405, 10, -182, 214, 260, 588, 94, 160, 292, 167, 98, -531, -569, -86, 375, -438, 367, 497, -154, 2, -72, -584, -326, 536, -461, 156, -169, 447, 370, 598, -210, -196, 414, 249, 215, -265, -593, 534, 187, -364, -135, 287, 354],
[304, 207, -59, 165, -218, -471, -196, 470, 479, 217, -542, -574, -177, -575, 465, -240, -91, -80, 314, 280, -342, -466, -274, 123, -348, -335, 131, 491, 298, -1, -538, 29, 436, 585, -95, 252, 540, -65, 587, -145, 388, 506, 555, 109, 529, -75, -439, -362, 115, 451, -97, 254, -302, -239, 212, 336, 412, 591, 33, -266, -31, 10, -537, 185, -390, -260, -486, -102, 345, 389, 106, 8, 102, 525, 417, -299, -209, -160, 56, 392],
[-399, -356, -334, 83, -11, 124, -93, 79, -40, 325, -219, -119, 199, 35, -141, 463, -56, -75, -466, -221, 439, -480, -69, -551, -277, -419, 120, -522, 45, 43, 519, -4, 373, -209, 344, 40, -3, 165, -291, 4, 471, -545, -570, 361, -53, -7, 269, -392, 275, 99, -358, 159, 52, -111, -291, 319, 76, 413, 421, 252, 70, -309, -62, 158, -446, -380, -199, 153, -210, -563, 316, -208, -423, 313, 593, 271, 484, -241, 215, -40],
[-139, -90, -518, 97, -14, -423, -16, -286, 284, -512, 436, 507, -57, -72, -421, -441, 536, 477, -57, -600, -475, -18, 485, 431, 288, -476, -69, -521, -5, 349, 69, -254, 484, -28, -183, -134, 320, -122, -288, -217, 389, -582, -545, 144, 60, -72, -388, 223, 76, -201, -524, 151, -57, -345, -316, 284, 218, -243, 450, 264, -466, -59, 277, -550, -414, 73, -10, 69, 268, 235, -371, 79, 84, 32, -463, 498, 100, -431, -217, -315],
[91, -476, -197, 527, -536, 416, -331, -28, 240, -241, 108, -561, 433, -197, -109, 69, -146, -576, -400, 256, -360, -533, 343, -563, -405, -532, -343, -287, 396, -124, -271, 550, -287, -176, 376, -422, 585, -336, -41, 6, 389, -560, 164, 88, -501, 147, -25, 371, 433, -48, -579, 146, -547, -396, 117, 253, -72, -368, -104, 69, -204, -586, -308, -107, 599, 380, -95, 290, -438, -512, -6, -180, 327, -414, -591, 263, 477, 78, -351, 37],
[319, -252, 142, 113, 33, -579, -46, 15, 239, 251, 198, 43, -294, -405, -371, -446, -98, -417, -487, 350, 582, 450, -200, -409, 100, -55, -28, -26, 78, -53, -34, -253, -323, 594, -245, -92, 340, 1, 315, 38, -191, 219, 405, -303, 117, 306, -444, -476, -438, -435, 38, -132, 460, 460, -230, 473, -555, 484, -162, 588, -546, -192, 286, 495, -545, -193, 582, -207, 436, 211, -74, 544, -231, 469, -533, -144, 234, 302, 241, 365],
[-173, 569, 289, -349, -23, -283, 479, 22, -282, 2, -548, -477, 402, -175, 354, -31, 282, -356, 599, 545, 523, 119, -99, 79, -187, 503, -198, 185, -545, 98, 57, 127, -171, -559, 376, 334, 30, -462, -538, 261, -508, -573, 26, 286, 227, -287, 136, -159, 256, -287, 107, -251, 229, 580, 573, -134, 99, 305, 112, 428, -388, 89, -358, 375, -489, -181, 292, 153, -123, 31, -595, 392, 43, 343, 307, -349, -476, 121, 402, 58],
[-409, 335, 155, 278, -266, -502, -226, -322, 155, 568, 251, -573, 223, 356, 500, 199, 597, -38, 30, -354, 342, 178, -559, 541, -191, 332, 567, -583, -183, -425, -553, -267, 356, -318, 589, 329, 556, -581, 546, 573, 414, 178, -459, 358, -537, 247, -395, -443, 245, -198, 358, 590, 345, -161, -173, -331, 58, -181, 400, 119, -572, -536, 245, -567, 75, -295, -242, 34, 465, 333, 325, 113, -100, -519, 368, -549, 93, -90, 573, -564],
[-436, -212, -566, 82, -261, 249, 435, -263, 39, -343, 191, 348, -510, 108, 405, -148, 526, 581, 175, 170, 476, -354, 136, 290, -381, 333, -381, 139, 149, 449, -389, 207, 38, 251, -494, 340, 255, -381, 257, 438, -46, 276, -144, 323, -367, 461, -37, -209, 115, 78, 205, 448, 584, -565, -116, 184, -115, 528, -196, -166, -20, -423, -582, 175, -512, -199, -248, 528, -426, -247, -442, 320, 184, 84, 74, 597, -225, 539, 143, 171],
[541, 340, -130, 153, 135, 433, -581, -275, 544, -265, -395, 514, 24, -561, -432, -239, -502, 426, -400, -481, 12, -228, 518, -421, 43, 456, 439, 224, 496, -199, 521, 492, -522, -417, 346, 176, -579, -219, -42, 331, -314, -236, 329, -324, -330, -526, -3, 304, -149, 0, -518, 229, 343, -340, -155, 70, -384, -523, -433, -256, 571, 497, 262, 177, -558, -157, 234, -404, -212, -252, -118, 529, -540, -85, 18, -474, 497, -413, -522, -360],
[52, 20, 239, 19, -439, -454, -159, -55, 153, 142, 25, 462, 494, -240, -123, 433, 456, -414, -162, -245, 217, -482, 577, 418, -77, -547, -555, 499, 170, 296, -320, -196, -433, -83, 305, -401, 597, 238, -153, -471, -346, -371, -444, 111, 180, -429, -373, -177, 569, 407, 418, -183, -234, -580, -189, 577, -79, -451, 395, 127, 502, -146, 182, 147, -35, -31, -381, -579, 254, -388, -176, 530, -471, 474, -203, -294, -440, -414, 264, 386],
[-449, 53, 573, -322, 472, 239, -284, 302, 580, -102, 278, 488, 14, 506, 191, 207, -140, -119, 337, -78, 482, 22, -317, -453, 290, 331, -281, -224, -107, 581, -87, 377, 571, -401, -298, 497, 439, 490, -483, 311, -562, 205, 467, 588, -388, -194, -361, 222, 466, -201, -272, 341, -32, 223, -359, 588, 438, 255, -508, 205, -199, 346, 395, 136, -105, 203, 185, 52, -2, 357, -43, -133, 140, -357, 389, -97, -473, 287, -150, 436],
[-114, 560, 237, 16, -163, 212, -329, -142, -382, -283, 448, 338, 40, 561, -167, 495, -472, 285, -456, -59, -51, -167, -390, -396, -436, -182, 550, -539, -227, -381, 372, 564, -458, 333, -459, -375, -585, -287, 257, -410, -584, 157, -503, -369, -261, 319, 554, 107, -234, 26, 328, 500, -460, -319, -161, -183, 100, -281, 195, -334, 235, -328, -324, -75, 480, -425, -333, -512, 542, 224, -349, -363, 464, -353, -327, -98, -537, -189, 265, 408],
[-287, 186, 579, -89, 532, -591, 9, 394, 127, -1, 231, 332, -414, 352, 518, -313, -242, 351, -475, 66, 544, -295, 34, -81, 500, -575, -207, 491, -470, -173, 432, -374, -405, -86, 515, 117, -473, -302, -331, 232, -83, 246, -417, -434, -112, -249, -356, -309, -394, -21, 517, -98, 457, 144, 505, -107, -201, -477, -476, 187, -69, -492, -62, -585, 188, -511, -96, -159, 204, -143, -110, -382, -127, 286, 510, 42, 507, -24, -39, -192],
[-565, -81, 207, -408, -51, -149, -461, 596, 260, 177, 473, 368, 23, 326, -307, -461, 488, 68, 397, -217, 225, -216, 173, -558, 282, -177, 489, -329, 503, -255, 476, 450, -324, 263, 492, -562, 40, 364, -340, 35, -197, 490, -332, 106, 482, 396, 181, -466, 69, -374, 290, 79, -557, -477, 243, 319, 404, -467, -65, 319, -240, 528, -282, -71, 96, 151, 227, 595, -448, -74, -521, 407, -189, -580, 306, 464, -550, -320, -363, 494],
[-33, -153, -413, 238, 46, -150, -443, -444, 450, 235, 215, 119, 500, -265, 424, -515, 409, -23, -450, -433, -487, -175, -34, -493, -525, -67, 543, 189, -425, 505, -25, -21, 392, 149, -244, -338, 507, -394, -446, 144, -474, 51, -364, -356, -17, 344, -379, -196, -70, 29, 273, -135, 391, 33, 17, -369, 483, 404, 427, -439, 134, 366, 119, 148, 379, 471, -392, -522, -558, 265, 102, -313, 547, -451, -371, 549, 154, -241, -509, -501],
[541, -55, 495, -447, 528, 167, -153, 515, 125, 294, 360, -464, 336, -301, 531, -356, -260, -496, -107, 116, 419, -136, 565, -324, 20, -427, -361, -168, 508, 498, 565, -180, 309, 240, -568, -81, -285, -319, -190, -393, 372, 22, -368, -377, 572, -133, -234, 315, 207, -206, 138, 546, -509, -426, -433, -427, 122, -272, 362, 90, 257, 203, 175, 111, 427, -445, -324, 281, 353, -230, -223, -314, 462, 344, -411, -83, -144, 544, 353, 288],
[38, 353, 364, 209, 326, -537, -395, 450, 383, -508, -2, 43, -512, -171, 424, -367, -580, -417, -49, 546, 61, -397, 213, -172, -51, 151, -402, -536, 364, -593, 425, -74, 491, -288, -210, 148, -460, -318, 311, -21, -9, 540, 159, -205, -540, 485, -590, 595, -492, -576, 29, 287, 585, 419, 126, 461, 8, 217, 167, -407, -76, -353, 524, -264, 463, 25, 397, -263, 276, -266, -160, 384, -235, -278, 36, -299, 374, 30, 289, 202],
[42, -224, -256, -57, -553, 259, -216, -292, -314, -171, -45, -398, 477, 464, 374, 52, 25, -125, -286, 176, -503, 257, -231, 557, 293, -476, 461, 437, -330, 181, -407, -172, -42, 0, -444, 313, -188, 385, 97, -584, -585, -253, -527, -173, -103, -538, -288, 284, 58, -582, 381, 590, 518, 108, -159, 119, 93, 113, -215, -90, -250, 74, 215, 219, -443, 244, 405, 116, -28, 289, -54, -450, -428, 317, -443, -414, -516, -410, -599, -590],
[-269, 513, -524, 194, 552, -518, 377, 46, 132, -530, 309, -552, -281, -131, -391, -55, -178, -170, 147, 435, 595, -24, -80, -249, 550, -225, 166, -222, -27, -417, -327, 48, 64, 443, -488, -407, -594, 517, -212, 218, 342, -322, 5, -582, 218, 462, 497, 225, -574, 554, -477, -400, -186, -209, -547, 449, 381, 593, -219, 6, -445, -476, 376, -213, 169, 536, -480, -538, 133, -555, -113, 488, -63, 527, 517, -95, -72, -338, -397, -152],
[511, -64, -48, -191, 557, -185, 113, -437, -421, -573, -171, -332, 266, -127, -156, -209, 530, -530, -596, -506, -527, -564, -11, 523, -324, 119, 205, -373, 356, 182, 562, 362, 30, -203, -327, -116, -57, 321, -494, -351, 561, -113, 210, -188, -456, -494, 496, -202, -474, 575, 174, -8, -500, -327, -127, 570, 102, 522, -579, -586, 317, 296, 72, 108, -132, -347, -440, -298, -366, 19, 575, 72, 67, -288, 413, 277, 373, 520, -298, -563],
[301, -456, 145, -532, -233, 150, -301, -289, -141, 474, -282, -548, 245, -470, 190, 566, -84, -454, 484, 13, -46, -157, -204, -420, -278, -134, 565, 243, 592, 20, 352, -116, -421, 477, 513, 414, 102, 28, 134, -171, -131, -300, -532, -199, 100, -335, 502, 214, 81, 487, 515, -113, -437, -196, -86, 398, -384, 153, 123, 534, -301, -75, -300, 563, -566, -72, -441, 424, 506, -194, 71, 3, 261, -475, 393, -239, 535, 180, -63, 465],
[101, 135, 6, 255, 8, -104, 65, 473, 596, -83, 159, -190, -319, -588, 71, -166, 298, -565, -399, 139, -351, -179, 431, 150, -30, 576, 81, 299, -223, -202, 298, 143, 239, -490, -296, 410, -21, -271, -591, 26, -314, 569, -279, 259, -147, -487, -264, 394, -581, 586, -575, -539, 94, -358, -214, -209, 193, 167, 547, -514, 332, 553, 34, -450, 232, 71, 454, -460, -179, 469, 341, -538, -187, -130, -386, 228, -115, 504, -532, -91],
[-88, 49, -510, -380, 362, -272, -512, -460, 331, -361, 373, 33, -128, 535, -490, 116, 292, -138, -134, -144, -68, -439, -302, 292, 431, 44, 205, -8, 264, -131, 307, -262, -403, -70, 509, -109, 381, -521, 371, 301, 259, -289, -5, 482, 37, 31, -426, 255, -338, -311, -377, -245, 101, 419, -297, 502, 230, 297, -41, -314, -48, -158, -46, 239, 582, 263, 116, 19, 71, -469, 153, 211, -549, 146, -594, 31, -396, 160, 252, 486],
[-190, 373, 394, -334, 346, 313, -76, -599, -522, 514, 585, 342, 269, -103, -327, -5, -298, 121, -538, 217, 539, 181, 459, -572, -328, -25, -317, 115, -582, -149, 349, -369, 588, 185, 420, 314, 170, 110, -83, -336, 550, 591, -567, 457, 133, -227, 414, -255, -64, 592, -264, 43, 375, -208, 110, -94, -246, 188, 526, -69, 199, -387, -321, -590, -565, 38, 328, 197, 381, -248, 578, -255, 82, -318, -510, -411, 295, -1, 556, 559],
[108, 144, 58, -216, 584, -378, -540, -124, -279, -261, 368, 571, 295, 174, -69, -297, 540, 382, 496, -507, -125, 316, 557, 510, -63, 599, 386, 345, -71, 495, -273, -430, -513, 155, -355, -207, 208, 476, -552, 52, 371, 49, -502, 197, -302, -98, 258, -461, -294, 542, 462, 364, 108, 539, -234, -492, -61, -264, -292, -197, 489, -343, -586, -3, 574, 443, 498, 420, -141, -505, -543, -311, -314, -34, -221, -476, 446, -301, 337, 585],
[-283, -483, 429, -397, -493, -479, 177, -278, -274, 318, 300, -346, 373, -181, -43, 583, 82, -416, 112, -13, 456, -138, 13, 427, 256, -180, 532, 589, -92, 277, 512, 301, 261, -31, 211, 24, -34, -571, -317, 318, 210, 142, 443, 476, -220, 577, 23, 350, -442, 400, -135, 425, -581, 307, 401, -221, 152, 468, 82, 423, 314, 237, 183, 488, -148, -382, 107, 295, 219, -285, 530, 374, 595, 407, 456, -494, -563, -545, -541, 322],
[-75, -285, 330, -220, 512, 152, 84, 154, 227, 531, -302, -110, 9, 71, -93, -583, -322, -194, -209, -363, 356, -275, -385, 453, -61, 228, -379, 424, -374, -176, -433, -291, -22, 278, 213, 255, 303, -157, -96, 383, 189, -5, -423, 18, -120, -340, 138, 317, 3, 42, 472, 434, 318, 51, -374, -280, 540, -7, 177, 181, -130, -8, 137, 417, -441, 264, -177, 478, -454, -118, -489, -180, -204, 156, 217, 465, -406, 385, 348, -266],
[-93, -81, -357, -295, 308, -111, 167, -29, -393, 424, -43, 440, 159, 568, -549, 250, -15, 11, 343, 526, -386, 194, 593, 312, 437, -272, 392, -351, 553, 229, -505, -226, -545, 21, -560, 150, -177, 199, -552, 148, 45, -420, 228, 581, 270, -406, 68, 503, 10, 578, -105, -276, 542, -4, 444, 517, 420, 263, 329, -466, -276, -127, 366, 10, -498, 287, -482, 212, -345, -565, -431, -83, 311, 52, 339, -530, -155, 489, -355, 315],
[598, -526, -439, 89, -439, -236, -258, 395, -408, -476, -517, -362, 143, -319, 345, -436, -448, -526, -119, -70, -548, 468, 282, -18, -151, 432, 126, -214, -142, 462, 598, -537, -501, 212, 227, -281, -409, 501, -539, 205, 40, 254, 499, 109, 181, 110, -483, -174, 361, -8, -199, -461, -579, 416, -444, -417, -332, 44, 296, 65, 140, -438, 600, -131, 10, -550, -60, -295, 367, -35, -461, -297, 186, 499, -438, -158, 552, 3, -403, -141],
[160, -354, -500, 549, -447, -173, 42, -189, -482, -523, 232, -417, 536, -154, -524, 366, 423, -3, 372, 488, 279, 310, 449, -54, 152, -17, -97, -581, -363, -192, -8, -69, 370, 274, -400, 238, -143, 94, -279, 329, 529, 186, 501, -448, 233, -539, 468, -114, 206, -454, 514, 282, -357, 304, -16, -200, 168, 175, 560, -303, 241, -572, 313, 218, -243, 375, -87, 401, 363, -534, 108, -587, -72, 155, -70, -192, -357, 251, 66, 404],
[104, -11, 485, 265, -27, -415, 146, -250, -110, 169, 272, 44, 78, -462, -127, 523, 29, -396, 85, -519, 138, -308, 54, -220, -343, 168, -257, -479, -324, 193, 152, -171, 274, 136, 275, 426, -78, 299, 106, 45, -458, 140, -289, 548, 423, -92, 86, 138, -27, -451, -482, 154, 460, -472, -419, 432, -317, 318, -468, 542, 47, -166, 373, 93, 429, 253, -106, -271, -557, 67, -270, -332, 204, -453, -429, -242, -484, -231, -568, -509],
[527, -84, 221, 511, 181, 560, 76, 584, 104, -335, 271, 520, -271, 433, 307, -234, 382, 179, -529, 40, -547, -432, 219, 276, -554, -438, 569, 46, -108, 330, 272, 6, 204, -76, 295, -366, -32, 289, 37, -141, -111, 585, -168, -267, -254, -360, -3, 440, 116, -70, 569, 443, -297, -212, 351, -46, -239, -316, -259, 84, 427, 138, -477, -213, 547, -582, 546, 11, 260, 556, 565, 318, -70, 561, -504, 570, -345, 252, 507, -172],
[537, -270, -272, 110, 488, 181, -555, 126, -559, 118, 571, -546, -294, -311, -265, -305, -442, -432, 207, 456, -587, -31, -348, -185, 174, 458, 187, -364, -564, -29, -565, 446, -229, -543, 48, 523, 28, 141, 27, 561, -16, -250, 597, 312, 579, -51, -523, 499, -543, 569, 560, 459, 458, 461, 112, -52, -174, -140, 238, -390, -481, -561, -240, 595, 422, -100, -56, -598, 558, -1, 404, 522, -94, -360, -372, -137, 538, -579, -279, 323]]