66
57
59
17
-57
-17
29
169
-15
108
-61
70
116
13
43
173
3
104
-130
41
5
-59
72
-17
-108
-124
-8
-20
91
2
3
29
-106
27
-82
24
-66
109
-90
-27
3
-28
3
-58
3
-47
73
126
4
-37
-28
-79
-33
18
84
-122
-91
-118
100
-8
-87
-97
33
91
22
15
21
149
-130
130
116
-57
187
-7
13
-130
-29
74
-96
68
-73
-48
50
-62
94
156
13
87
41
5
-42
-3
-121
10
34
7
23
-47
-59
156
50
-47
-32
-43
-60
68
-32
13
49
6
3
127
-63
12
89
162
-98
-80
53
-3
-59
-24
-81
-92
11
54
-186
7
-20
-48
-119
63
68
9
-111
-106
-42
63
42
95
-29
92
-160
41
134
-17
43
109
-47
-11
-69
-4
54
-64
-33
-132
7
78
-16
-140
-84
175
72
113
88
113
-43
58
-48
131
2
-9
-92
-59
-12
-107
77
2
199
-12
40
-54
-28
-37
-25
-70
126
-57
-60
48
11
-61
93
-3
56
75
-2
50
16
38
109
81
51
17
-3
5
-122
-102
-60
-45
67
-171
-76
79
58
17
85
39
-36
30
20
-9
4
-64
-56
75
132
41
81
126
42
109
-75
-68
-159
10
22
73
-47
-34
-109
-84
34
89
53
-60
-129
51
-27
21
-120
-26
-2
26
15
-73
155
-46
44
79
-43
-152
-19
71
-30
94
177
7
41
-12
73
54
-90
-126
14
26
-5
-73
133
-42
-16
73
-140
167
96
-62
56
-21
62
117
-62
-58
35
-34
-30
140
16
60
-116
93
-4
-124
-42
-67
-32
119
24
-45
-48
-55
-50
37
96
-95
95
21
83
102
38
67
88
98
16
-91
204
123
88
-21
-77
-158
-13
38
-39
34
74
95
43
-9
-60
-12
29
72
-35
79
131
-14
41
-127
129
173
-136
-55
-24
-74
-75
35
56
-128
53
31
-47
41
-134
6
28
-117
39
-134
-130
-103
-71
155
3
-19
67
45
-15
-20
-64
39
-27
72
8
50
-31
51
-48
100
180
-139
123
-14
-154
62
-73
153
-2
-53
4
-19
35
41
-17
-110
-8
-60
45
-43
20
39
116
-55
85
-35
18
-11
-72
132
21
-168
135
39
-38
71
45
32
69
-88
-20
-23
118
61
122
52
29
-46
100
-47
181
-1
26
50
155
78
108
-83
-81
91
59
-6
-53
26
-38
107
102
-173
167
50
119
37
1
-57
35
23
59
60
-10
-62
53
-15
100
88
62
20
23
-24
145
3
-28
103
-66
28
36
-4
65
-17
69
-2
92
50
-3
-165
-60
-39
-49
1
92
99
76
-70
-12
29
-101
73
-43
94
52
-23
79
-17
69
2
-4
-118
-55
197
-95
28
187
136
-35
-13
40
13
-24
48
-35
142
-7
145
85
-3
-81
84
-43
35
59
-44
-109
25
24
20
-69
-12
65
-29
-16
-9
-111
19
8
106
-65
-86
181
131
130
41
144
63
-10
-122
-177
73
-15
41
-116
-41
-39
55
-45
51
111
149
-38
0
7
92
2
59
67
6
-97
39
-30
-2
-133
4
-113
-15
70
10
-57
-24
24
-42
-13
73
42
7
1
46
-148
13
113
-20
-22
159
-7
-96
8
9
41
-47
-27
114
69
-6
56
44
-16
175
155
28
-6
82
54
9
7
17
37
-202
-16
-78
11
-51
154
81
44
-38
132
-94
67
8
-51
-11
180
110
34
-7
-50
54
-22
60
-43
-54
-61
-63
62
109
-84
57
45
-94
73
15
52
-3
-98
-44
-54
128
-5
2
22
-53
49
99
-44
143
-70
84
-10
-48
-31
-47
27
-10
-208
-20
22
-87
18
-61
-72
-50
-50
12
2
15
74
-65
25
-126
98
-134
-91
-142
47
67
-44
62
149
-156
1
0
-9
34
-59
116
-82
27
126
94
-62
45
105
-57
-47
-43
119
183
-100
-102
40
-32
10
151
-92
-135
-14
82
-81
-74
130
68
-21
109
-114
73
-21
-54
-90
123
50
-22
-58
-99
-105
-104
67
-27
33
-114
-44
-53
41
65
42
23
40
70
26
69
145
-44
-95
-12
86
87
-16
78
3
55
26
-17
175
-2
54
-131
40
75
-2
8
123
203
59
41
-51
-64
6
-88
64
-69
76
-109
50
-11
-24
-20
64
56
-50
6
103
-47
68
68
-66
-84
-130
-183
196
113
-70
-164
60
24
115
-109
-88
-79
109
-66
-5
102
-157
-50
106
98
98
-41
47
-35
-143
32
2
94
-103
-65
-102
-121
-34
-46
122
151
-84
-26
51
-16
-76
-31
20
-11
11
-79
-145
-54
-30
19
168
-7
95
-33
104
27
194
-3
124
-76
83
-57
199
33
19
-125
36
112
-61
62
-63
-31
82
14
8
35
80
-43
-42
72
106
103
-5
18
127
-46
0
-57
131
176
-10
-43
96
-164
30
13
-66
-80
-26
-23
70
52
-82
100
-11
-13
-24
-22
63
-53
-93
151
45
122
16
19
-122
-96
60
83
-33
-29
-37
-33
17
-92
40
-26
-18
-51
49
22
34
57
42
-61
-108
137
96
11
-36
35
92
80
-14
67
-167
-31
20
231
69
-137
-1
108
-61
52
0
66
52
59
77
-48
163
-176
-86
21
26
-23
232
29
-33
-74
-4
-15
-35
45
5
-32
-107
-5
-69
