-18
-38
16
79
4
-56
-53
27
16
46
-18
18
18
-8
-9
118
23
65
-38
-25
-44
-32
9
-14
-38
-18
-35
-79
85
-23
23
4
3
42
-93
-40
32
52
1
4
-55
34
71
-12
-26
-8
8
8
22
26
-6
-30
-11
-42
55
-2
4
-28
74
2
3
-8
32
64
43
-19
9
44
-1
7
35
19
59
76
28
-58
5
-16
-17
50
-48
3
4
-11
77
25
-33
56
71
33
-15
20
22
16
-13
-23
21
-16
2
30
15
-51
4
-20
-42
0
-4
23
-10
5
-38
-25
-33
-23
36
75
-100
-44
37
31
-30
-9
-82
5
57
62
-87
15
3
26
-47
-35
29
-4
-42
37
-5
-27
37
34
-23
45
-30
14
51
10
33
16
55
-21
-50
55
52
-37
-59
-22
17
49
24
20
-73
77
30
72
56
58
41
63
-44
74
41
-25
-36
-24
-5
-54
46
53
65
-38
-4
-15
26
0
23
-33
60
-31
11
66
-30
15
-8
32
16
14
36
78
60
40
26
14
-24
-38
24
47
-1
-12
-33
-26
-21
-14
-9
-14
-4
-39
26
9
-33
-7
21
-19
40
-21
-4
34
17
-15
-61
62
-30
51
3
23
-34
24
-1
-36
55
5
-9
46
14
29
42
2
-29
3
27
-27
-2
16
7
-44
9
-19
21
3
-7
44
53
47
-4
15
-45
37
13
12
77
-14
37
18
-21
-8
8
37
-43
22
-20
8
36
41
-54
97
-46
-4
-20
22
9
33
10
12
40
2
2
-1
14
35
-6
64
22
-25
-18
8
2
60
-5
24
19
21
-40
31
-18
-84
-30
-52
71
54
21
30
-13
64
38
-15
45
-7
-7
1
-3
-60
19
-12
28
40
-7
47
54
0
49
63
-7
68
-20
69
42
4
25
-40
63
20
-29
-7
22
22
9
9
-39
-87
23
102
-19
33
26
28
9
10
39
-108
-65
-5
-14
47
6
-11
64
-44
34
19
-16
50
-44
10
37
19
-42
2
-11
14
0
-29
16
82
-71
73
5
47
48
-27
48
-41
-25
-14
-47
7
-32
-1
7
3
9
58
63
13
17
-8
4
11
-26
20
31
6
9
-11
4
67
45
40
51
-25
-41
-40
56
16
53
-9
11
0
52
-56
87
35
10
60
11
82
26
-10
8
42
-28
56
-13
-1
-4
17
82
-86
77
12
22
-13
58
15
20
21
21
62
-27
-31
10
-14
69
58
9
37
-26
73
15
-35
-9
70
-76
-7
-14
-13
60
17
66
15
98
-1
-24
-62
13
-7
35
68
-4
95
31
-50
-74
48
37
-12
26
15
38
-4
39
22
22
-56
-34
-18
-31
57
-37
15
71
-10
-13
-29
-16
-30
-29
-40
54
23
19
98
54
-40
-56
71
-50
-37
26
15
-22
-12
37
64
-49
-34
34
16
-7
-28
-57
31
63
89
-4
-17
69
76
96
-9
-49
104
31
0
-21
74
-29
81
-20
53
-22
50
-24
46
100
61
-6
-14
-1
22
7
27
4
11
27
-29
14
10
-78
42
-6
-33
-31
11
0
-43
2
-5
40
3
45
44
20
68
-79
9
-15
-44
-4
46
-54
-30
9
-12
-25
55
27
32
43
43
-37
15
7
53
6
44
28
-11
26
2
35
-37
-14
-83
37
32
-75
-51
64
52
58
-6
69
22
-6
10
-32
-26
50
21
9
5
0
-57
-39
-11
2
0
12
2
44
41
-9
22
13
19
46
8
-5
-27
-64
-21
35
57
-66
-6
62
-21
32
5
-15
4
-22
52
25
-31
44
80
32
-23
-43
-6
-32
-4
-15
86
-21
-1
18
-44
2
10
7
-9
-1
-24
93
-23
-5
-4
1
64
-10
16
6
-58
24
-20
-40
-2
3
79
-40
35
46
31
36
73
35
40
13
-48
19
-14
-8
19
-37
-42
-31
39
9
-12
28
-36
-4
8
54
-1
-16
-10
-72
-21
-41
75
19
25
-7
26
37
14
-41
-57
-62
-11
50
-4
26
25
-12
7
-9
36
-9
12
7
49
39
-31
-52
-26
29
-21
-17
-28
-7
23
30
2
21
37
12
0
31
-15
33
56
43
51
19
-10
-18
27
-22
3
15
11
13
-38
-35
41
-32
-20
-7
15
-51
8
1
-82
-20
35
-69
25
-63
-38
78
31
30
5
-24
-15
5
-19
-2
-51
-19
-16
-17
53
16
-48
-5
118
19
-51
39
0
4
37
6
26
-18
59
4
-23
30
-78
40
61
-23
16
-55
6
-19
-3
22
-23
-41
-45
21
-48
-58
-4
11
69
-20
-10
13
17
79
-2
35
51
-56
-14
71
52
22
8
26
80
-43
9
-59
-22
39
-24
-6
-11
56
-20
30
-3
2
37
12
2
32
-33
14
-13
37
33
19
44
-17
-7
31
62
-19
-36
-21
56
3
-19
8
7
43
-35
-53
45
25
-3
-35
40
-41
-6
78
36
-45
-9
-20
22
24
23
-13
-12
4
15
26
-47
23
-21
58
27
71
54
3
17
-59
21
71
42
-38
27
6
61
10
0
15
27
24
8
46
5
-32
63
-15
-44
33
10
41
44
79
34
35
-74
37
30
109
-7
37
53
-22
-2
20
2
-51
74
-58
27
-6
6
11
