79
38
10
67
3
-28
134
-62
2
12
140
91
-85
57
53
9
-11
-57
-21
3
42
11
-53
-25
8
-2
44
61
35
-60
2
24
42
-97
-73
85
-74
23
43
-34
25
-250
20
36
44
-47
-14
-65
-140
-11
49
11
27
-28
-7
39
-9
8
15
131
-86
-25
-157
-43
54
-47
1
38
99
-64
-76
-33
-46
57
-59
27
24
42
146
41
197
113
49
-82
20
123
128
-1
5
-26
-27
71
22
96
107
48
-43
35
-18
74
-78
99
18
-41
-61
-58
89
7
-114
-23
130
32
-37
14
135
140
-24
35
-26
-20
62
86
1
-23
19
-18
-33
-88
37
-56
-67
83
79
-140
72
47
13
-69
-7
-26
67
16
-37
26
61
131
10
118
117
123
52
42
-36
161
-22
-74
-37
-37
-82
-84
-95
114
20
-24
18
37
-71
-18
124
-15
-27
-28
91
-41
111
-164
44
66
20
5
-61
-53
-59
42
58
-138
17
-23
25
56
-86
94
-5
-72
39
31
85
9
49
19
-41
-15
46
-91
-63
-95
-30
-12
-56
123
-31
-4
75
-42
-56
25
-59
101
60
38
-57
-128
2
-74
192
-49
-1
-185
-13
53
-47
133
-37
0
59
-19
-12
153
28
-47
-9
35
34
131
11
52
22
-23
-40
121
7
-39
76
-91
127
79
-20
-49
-57
-29
51
108
-11
107
-18
-20
51
24
-35
38
31
38
11
39
-47
-147
9
16
-133
-32
-49
0
26
103
-183
-95
-29
-43
164
-41
-57
-109
44
154
-20
50
29
44
-72
-43
-3
-87
-142
49
36
69
15
-20
20
-88
-21
91
31
-25
34
39
-39
13
-40
-18
73
171
-73
-15
39
-80
92
-25
-80
0
-16
14
-6
-48
75
174
13
36
-2
25
38
49
-13
90
-99
8
-74
29
-56
-19
32
-152
54
88
-103
-25
-61
-91
19
123
1
-54
-120
-17
19
-88
60
-75
48
30
-43
64
-109
-26
84
6
-5
6
-42
22
-56
-32
13
58
4
164
67
13
-3
-55
-56
68
61
2
30
144
4
104
-110
54
-8
-72
-35
-28
-9
137
-28
-64
-17
-10
-138
-63
38
-59
-101
72
54
56
20
-17
43
-57
-25
32
-29
-31
-61
177
88
-34
60
97
7
9
52
-19
-13
130
11
63
8
139
99
27
90
-112
-23
-10
-149
107
94
-100
52
-17
-9
7
7
68
116
28
36
40
-45
32
138
35
99
98
-79
93
-4
-55
-43
81
60
60
-139
-56
81
11
-99
64
-31
43
-6
-39
-54
8
170
-52
62
6
45
-25
126
28
42
-55
-29
46
53
-196
10
60
45
42
23
13
108
138
-67
70
51
-98
28
96
-36
-27
-62
112
79
-37
-129
-31
123
-42
-147
-40
43
25
96
28
55
63
43
-45
80
81
176
21
105
14
-43
182
0
-77
-21
71
-5
-59
-20
82
82
113
34
74
-26
-49
67
-109
25
-69
-13
15
-48
-188
-32
-24
-4
-46
-16
9
3
-65
31
-47
113
-25
-9
6
11
-35
135
-65
5
-56
-90
111
-19
33
-110
1
4
-65
-139
89
-18
-122
-18
116
22
-20
28
26
-4
73
13
90
-92
58
-98
83
115
-79
64
89
148
1
-1
-1
82
-58
1
11
54
30
14
112
-100
56
12
-102
-87
35
-106
49
19
-113
-70
-75
73
9
17
-56
-22
-120
-45
-78
-11
-28
63
-183
5
23
92
-12
-73
38
63
-187
-113
16
53
76
32
26
-13
-34
-89
-58
93
8
72
20
41
31
21
22
-66
22
-76
-22
111
-48
-13
34
-115
-39
-44
18
-9
61
-38
79
13
92
110
-4
-27
-45
11
-7
-29
45
84
90
124
18
73
65
-18
-63
150
22
55
-87
56
37
0
87
-19
81
41
-11
39
0
36
7
-9
23
-2
39
-12
-22
95
-102
64
-6
-66
58
4
117
30
71
-66
17
91
4
-64
-117
21
-18
106
-142
83
57
-84
11
87
90
45
89
0
93
-6
2
-3
-6
-131
-58
-30
26
10
-36
110
35
39
-63
-72
75
-29
84
39
60
-36
-89
-28
39
-90
100
-21
-57
-42
34
149
-30
106
-43
-61
34
26
-134
39
26
-35
79
-5
-96
4
-2
204
-2
53
-58
69
-112
36
-137
-18
-6
70
-8
1
87
14
-30
-112
23
-53
41
12
124
120
64
33
-4
-10
16
-82
-41
30
61
101
39
46
-62
-57
5
20
55
-20
-150
85
-51
64
-32
-25
44
-7
2
-9
-44
55
33
-67
11
-65
27
44
-79
126
-91
-100
-13
-23
71
40
112
12
-66
114
-101
-22
-191
63
-70
-117
-65
25
56
45
66
-24
66
-40
34
11
88
-7
18
-1
50
10
14
52
-11
55
-41
-96
-31
7
-28
34
30
15
-19
76
0
97
-33
12
18
-6
9
120
-36
33
-101
-16
-63
150
-59
-29
-48
-12
-110
79
-3
113
47
26
-7
45
98
-46
7
-152
-15
77
72
2
32
125
48
19
26
-148
-65
91
0
26
-99
23
-71
70
-18
-67
-74
51
-7
116
42
32
1
-3
28
163
-63
-70
82
-55
41
121
-98
-36
57
116
133
-66
-33
-33
97
90
-13
94
3
-33
-33
-73
-16
103
