52
0
4
36
-16
39
15
-23
-44
63
43
14
-8
16
25
2
8
-65
63
35
28
-7
27
-1
2
-23
12
10
30
-29
25
-1
24
38
50
-15
61
-15
-32
-4
-25
-56
62
0
35
19
6
-17
12
-55
96
14
19
16
-23
44
29
-11
43
13
-48
-46
-28
16
7
-34
-18
-8
44
50
12
-40
-39
60
-17
31
-14
24
64
-13
-4
38
-70
-47
24
-20
-5
-26
-33
-4
-15
-27
26
13
31
-54
-41
-35
29
61
-23
-3
-25
26
-16
14
39
36
-2
-35
41
-34
-12
-9
49
-21
-77
66
-15
-3
-2
37
2
0
-36
-10
26
32
19
-25
41
13
-14
-48
49
52
99
-13
12
39
-8
14
22
-6
-44
78
-17
62
38
-50
10
44
-93
38
-13
-53
4
-20
-58
-55
31
-3
5
-39
-43
-8
28
-27
-12
9
-33
-14
24
-26
95
5
-40
21
-29
-3
-62
17
-20
10
50
-47
-21
32
18
-27
-2
-4
-14
-35
-24
10
-23
34
56
19
3
-26
-7
-24
-19
-7
-9
76
-42
4
-23
13
-1
0
-2
13
9
-8
31
35
-42
4
28
23
45
-41
10
-4
-3
38
7
-2
3
40
20
-20
9
78
6
64
-20
-13
17
-68
-25
32
0
64
48
43
-50
41
38
-3
16
37
-3
-34
42
17
29
-17
-25
11
-24
-11
-3
-29
-23
46
64
22
-16
-23
-41
3
-38
17
-51
-7
4
23
7
26
9
-26
55
-38
51
-26
4
-16
45
19
58
-26
-9
-4
-14
21
-13
22
52
-27
-35
24
57
18
-14
-66
-16
74
-9
46
30
4
26
-41
-26
-12
-9
57
-24
7
-3
40
15
-24
-8
-50
-7
66
47
32
-3
42
36
30
42
49
23
22
-9
-15
-62
69
-36
55
-36
28
14
-32
-17
88
-5
-45
29
13
27
64
3
-27
30
-8
-76
2
-17
26
25
3
37
-38
36
-38
61
-12
10
-15
24
-21
-32
-22
23
8
-7
-11
64
-11
61
-11
16
-40
-7
98
-8
46
-13
-15
-75
-26
5
29
21
-36
-20
11
-48
-24
27
8
18
29
62
62
46
-79
-24
89
-7
62
16
-31
-44
-57
22
8
5
113
70
13
52
117
67
10
104
17
-35
12
7
28
-24
-1
-7
8
1
0
-28
-17
-1
28
14
-24
11
-1
-10
-24
31
45
88
-50
-1
18
-22
27
21
29
4
13
9
13
-2
-5
12
46
39
-48
12
3
10
21
13
25
-47
15
-21
0
-9
-47
-18
-31
17
-1
67
-34
41
15
-31
70
47
12
-27
-10
-2
17
17
-5
-32
50
68
42
-28
43
37
-26
-6
-62
-27
76
-49
58
-18
5
-4
17
24
-6
-9
-19
23
42
39
20
12
2
-18
8
54
40
10
-13
22
15
3
58
18
10
-9
-20
49
-28
-9
42
58
-12
-24
28
16
57
-51
7
14
-9
11
69
-56
35
3
5
18
30
8
34
46
22
57
68
-19
-74
-12
7
-39
55
-15
25
47
-11
-31
85
-37
22
26
-57
7
28
-56
41
-30
35
0
-9
-10
-8
37
8
0
45
12
36
-57
-18
-25
25
-41
-7
-14
-30
14
-4
-10
-32
-54
-10
27
-5
-5
5
38
37
-27
-30
25
-22
31
46
17
25
10
-19
-31
31
55
-12
-8
-4
9
-3
41
-71
-5
50
-7
9
6
54
-15
4
13
73
30
-20
-49
-25
-5
-28
-3
-18
57
49
-45
35
74
49
-52
-28
-24
-24
-17
58
-3
34
-13
-64
-40
22
-31
15
3
-17
-43
20
74
19
-6
-22
-24
33
128
-9
14
31
33
44
18
17
-13
-43
16
-7
-8
57
-19
-30
-14
83
-15
4
1
26
-10
-12
-8
-15
13
-8
29
-30
-20
-32
40
54
-34
4
23
-11
2
-30
20
9
-5
56
32
67
10
15
-8
70
24
20
16
15
-78
32
73
-28
35
-32
19
14
92
27
15
4
7
0
18
26
-42
-21
-24
26
-54
-11
14
56
-22
-20
27
38
-30
35
12
12
42
5
-11
-11
46
-38
-14
34
10
40
-84
1
62
15
19
-52
57
-45
57
28
-48
-30
4
1
60
25
16
40
99
4
-73
79
-42
-22
42
-4
38
40
1
4
18
-38
39
12
-56
7
-27
1
-33
-42
75
3
22
-13
53
-55
-52
-28
17
-31
67
76
-27
-34
22
27
32
25
-48
-23
-10
69
0
1
-35
33
7
46
-24
-3
24
-13
-40
18
-10
41
-3
1
27
-11
-1
-20
-39
74
-11
-29
35
-5
20
-27
10
28
10
-32
-55
72
-8
22
60
34
37
11
-24
-15
-6
34
32
4
-49
21
16
-19
20
-38
-38
-6
-25
33
34
-12
38
26
-29
21
46
6
2
-34
25
39
-48
22
30
-40
43
-23
15
-16
74
15
-20
6
-68
-10
-2
5
60
-9
1
-1
17
36
9
15
3
44
-4
32
-31
-51
64
40
-51
-7
-66
-14
79
29
65
-24
-35
32
31
16
0
-36
11
-19
-17
-10
-35
-5
33
-21
-1
-18
-50
18
-18
26
17
-26
17
39
0
-4
-7
7
0
5
38
21
-10
12
-48
-9
22
40
54
