479 932 715 764 191 1711 2151 153 143 2282 450 2437 2728 2217 852 174 2746 1313 1313 1772 381 0 3156 1682 1782 1655 3292 170 1734 2372 3041 2735 875 2054 669 2213 2263 2249 1425 1920 631 1315 1886 670 2652 3091 221 2098 3082 2765 517 925 1642 2273 278 2734 430 2770 1173 3015 608 2016 604 3131 2530 1184 1519 1027 3270 101 195 1154 476 188 2662 821 3125 1681 22 919 1601 1687 309 3046 1426 2002 403 1001 537 173 1237 1264 2891 2353 2610 382 624 1945 2867 1775 991 1964 2814 1353 1106 1443 705 886 2517 753 1980 1748 1626 3323 1381 1384 1687 592 1105 2638 1319 1853 785 3174 2921 1104 565 1849
1155 2164 2756 303 2977 1892 761 933 1384 2016 1333 2894 3047 2307 1962 2008 954 191 2839 588 1299 340 763 685 243 2313 1238 1446 2868 2663 2015 2841 2498 1818 2787 2104 2707 1138 1064 2186 1330 161 2009 515 2827 3134 1980 2985 2773 2664 2646 2513 2391 1751 2684 531 423 1346 969 2990 3143 715 1393 3238 2618 2814 2298 2610 294 1467 2324 1692 321 1969 1621 2628 2349 1116 759 1675 2976 232 1741 778 1502 2314 2076 438 2990 1046 2488 980 1826 2417 312 928 450 1843 1703 3100 1880 2754 2210 2350 3114 2991 2886 1394 1003 1265 1053 3307 888 1389 2164 1329 2818 623 3263 2376 2950 1128 2653 2012 2373 489 319 1809
2930 1599 2569 2968 3281 675 1345 2472 272 2049 233 581 2216 1450 2647 3046 1340 2006 455 2561 1414 2128 1670 1603 2235 192 3299 974 2946 2197 1014 371 830 3185 3119 1691 1780 2296 2434 1306 1715 2510 815 275 3044 1560 3289 1019 137 2078 2507 575 1170 2361 1308 1655 2034 1921 2941 879 1524 645 2225 2638 2375 1137 519 202 1567 1132 2380 1382 1495 3232 1850 1842 2691 2885 2888 2754 1333 1714 1632 3112 3015 1011 673 1734 2607 1649 2209 2262 3065 2813 2038 343 1760 746 1331 3141 2903 1187 3241 1766 602 695 1351 2619 286 2106 113 1452 1712 1199 908 66 2534 1201 2607 2739 330 1788 427 710 70 2846 1707 3161
2112 784 2709 2249 1854 1614 1434 2071 284 1947 1201 1310 1248 1570 2513 3110 111 2207 2513 2257 2572 77 1603 383 528 2431 1244 3040 2583 1049 1721 1140 422 1434 2072 1952 1164 1946 604 1754 2931 3322 556 2664 538 1898 1689 1830 2837 1473 2062 2304 2909 2534 307 1576 2990 1324 1556 2983 2345 1207 1880 1709 2580 3203 663 1938 931 1821 387 2885 2754 354 975 2769 418 2575 674 50 1275 2725 1628 3117 1171 1355 2445 2043 924 291 3124 2743 748 1493 2374 1148 1649 190 1863 3085 2905 1575 2340 433 2949 794 1003 3227 2759 1458 1009 1471 1112 806 139 1702 2527 2930 1200 904 2850 1337 2229 1594 910 1035 1482 1198
2699 471 93 1155 394 54 345 940 2269 2217 22 2173 1294 118 840 36 2248 341 2070 1521 396 1109 2267 2609 2607 2926 857 2789 1108 475 2093 2032 1566 2777 1577 1363 1007 1856 2312 1664 1039 423 373 1599 635 652 13 1493 469 1380 1102 847 2087 476 1642 12 1093 1286 2819 1833 14 2964 1094 1059 1032 62 851 519 1000 2192 1089 328 2312 741 2496 670 1243 2371 2573 2876 1704 1757 732 394 2725 552 1076 3219 1580 1081 1857 1660 713 3083 2087 1474 3215 551 2574 1628 565 371 1349 381 1094 3135 794 2867 682 2899 1229 1829 231 1420 599 771 3259 485 1186 2549 13 2950 1790 1249 1341 2992 584 1586
1080 793 460 2375 1734 1861 1326 1491 2204 1497 2046 104 3216 1193 863 516 1117 2186 2489 3241 1221 3093 2650 1857 193 2918 1932 1389 932 1397 2437 2114 2655 2658 1816 3248 803 2527 2607 617 1238 1248 1660 2394 855 2181 1968 1103 2512 1670 3244 1994 278 2286 240 1699 2448 2576 2674 918 943 1430 2617 2799 3321 2533 2494 990 1990 1522 41 1548 2822 3100 3277 821 905 1228 205 2051 370 306 3051 1586 2948 2922 1844 1809 521 3096 3286 2031 3026 3162 2320 1767 1941 1494 3147 1108 1599 2676 2286 1051 579 40 609 2183 472 1049 165 2896 2313 858 138 2707 1664 2276 1493 716 828 76 2935 135 517 1933 1570 1710
2845 1178 1800 480 1439 918 888 471 2371 1653 2544 1642 2201 2230 1798 2376 2099 850 1235 1743 3282 1170 3214 2286 2780 2401 1134 1691 2716 2944 2172 2846 324 3127 2231 131 729 1208 2879 2608 101 1330 2841 212 2451 1467 978 2429 2910 2307 405 837 369 2354 1470 537 522 1622 375 179 3107 656 3292 3158 1905 2258 1496 3132 2480 445 1025 3248 118 1906 3122 2347 3176 2126 616 1047 983 1306 1830 739 308 1418 2385 1965 2176 1698 1996 2720 2062 1104 35 592 984 2024 3041 3206 3021 3045 2906 176 1292 2418 929 2420 1229 241 1659 2668 1959 1471 697 1223 2352 2107 2051 1036 2105 50 290 2769 1109 1227 129 1831
831 682 2815 1981 13 3009 3241 3143 2725 549 1867 2317 2425 2764 631 360 2761 1976 684 205 1031 649 2166 1213 2008 715 1961 892 2769 1155 2556 1239 1557 96 2237 3292 2987 2334 2803 1387 128 2736 2716 1200 193 3315 1430 466 605 1877 1768 2877 3058 2637 842 668 3235 1757 1011 1078 2459 173 1685 1107 2664 1390 3291 554 760 1557 714 730 1845 3105 2266 2624 328 447 2200 2743 2323 2837 2546 3097 2607 1006 400 2102 2248 671 2453 1751 1519 1608 1372 3101 1729 2339 1544 2380 1403 599 2715 227 1410 717 88 2909 1601 1170 1001 1885 3272 3278 2072 2134 2363 1547 1875 1609 1138 434 1519 1876 616 291 2635 1224
1884 2225 2166 2179 195 824 2824 1624 1393 2980 1431 1113 805 2471 3317 671 935 480 156 3231 2047 2108 1467 2547 358 746 480 46 221 1153 38 656 2827 1880 1328 735 2040 2586 297 544 2992 3230 1755 3075 1615 1681 860 1412 711 1464 2826 2424 11 2133 2650 1332 614 436 917 1483 2563 439 617 696 1328 1878 411 82 2593 116 295 250 1821 2356 1380 3074 2919 1261 1001 1774 2803 23 2007 2565 1102 1517 472 2083 2304 2001 3004 2936 1219 3221 2749 3175 1815 2219 1818 1454 3185 1021 2510 3009 2945 1540 2085 1307 2450 2296 2720 1747 685 1319 1801 3006 1271 3155 1412 1105 174 3017 2968 3063 2464 175 3261 1100
471 2349 825 1784 1499 2854 110 432 1931 3189 2721 2112 3169 1372 1912 592 926 498 259 2958 1804 1917 1793 515 3041 623 1817 2683 215 778 1898 2609 858 2480 2055 2324 867 283 2876 717 2253 3021 237 2157 2179 972 192 906 1507 1557 2491 1663 1115 1848 2761 792 1178 2649 592 3257 1188 414 291 2532 645 621 2440 2617 315 1527 857 1680 312 3151 1450 3245 1193 447 1266 33 1809 857 2478 1880 132 526 2756 2594 469 2349 3291 2101 709 2898 331 2375 3326 361 820 3049 2670 1026 2338 2802 2091 1328 718 699 2212 2645 1571 2345 1419 1384 3197 3035 3129 1012 1709 3273 1285 245 1462 11 1001 2098 2078 2705
775 1462 1624 1194 1217 3019 1302 2607 111 3150 2933 1676 263 2855 474 333 754 517 2584 2600 2628 2293 505 1019 758 1638 1462 1662 2978 1722 1429 2566 624 961 2195 523 2392 692 387 661 3262 1985 885 3325 2702 2251 1409 2967 1346 1288 3322 2517 1514 495 1520 1905 2820 706 2197 2880 2445 663 2667 1457 936 2878 1778 1610 3234 1742 1129 2914 2099 2036 2436 445 2652 1202 933 1638 2480 120 5 1039 68 2548 853 3150 1748 231 758 3134 2296 447 274 148 1115 166 694 3212 771 1080 2916 2644 3255 1864 807 47 2811 1547 397 1993 1729 2126 1845 105 36 533 369 2978 1864 768 265 471 573 1961 2168 1513
888 1621 3248 2529 3252 840 2646 2956 3097 1968 2209 2570 3175 1702 1547 2265 110 1034 2348 831 2996 1986 311 1043 2123 547 1146 3239 1558 2293 2575 1076 2174 25 3162 987 2051 1921 1785 952 2800 3188 1779 651 1065 719 1143 2208 262 3220 1358 3243 2261 123 3268 1635 3206 1038 1558 1892 3305 1579 136 540 1397 1384 1718 1855 2471 2041 2789 898 2537 686 1246 956 892 429 2715 1357 3029 1741 1324 29 1675 1106 568 3208 1898 879 72 3236 1242 477 3061 2977 134 552 2131 372 779 1914 1012 943 2163 1171 1484 2247 554 2045 2560 3219 1373 2464 1091 2833 2851 2560 528 882 3257 743 2738 1366 1852 2909 2381 2279
2153 2103 1797 2969 1115 2051 998 1413 2129 170 2219 687 504 1045 1286 3319 339 215 2555 3161 2465 2312 421 1769 1327 2235 1632 2922 1534 2874 706 2576 2294 363 1419 1615 2189 2722 2692 1719 1228 2203 389 2457 1681 937 2297 1828 3055 532 3080 2223 3064 29 1111 393 2114 1033 393 700 343 659 1046 2621 1673 1288 2662 3245 2207 1825 1817 356 1396 2604 2041 508 1871 972 973 112 2285 2663 2951 3262 2652 3240 2871 232 1879 1083 1908 1344 2454 263 2837 1749 2423 3097 814 559 3071 2320 1381 338 1245 710 1368 1923 837 2232 334 2238 337 1678 2439 1052 1629 1169 3029 2827 428 395 1358 535 1590 1932 804 1433
1993 416 2840 392 1555 83 694 2790 794 3102 2052 1424 355 1368 2217 499 1284 372 1238 64 2669 3100 141 2195 1390 1713 2633 2952 2347 1455 1361 2321 182 187 2896 2420 1943 2444 3029 558 2696 1612 398 2456 721 3275 1762 645 1939 3092 823 467 2309 1364 2655 2177 130 1433 1569 1839 1739 3207 1045 2013 3246 3011 3145 2379 85 777 542 1957 577 2060 3294 1870 128 767 1184 543 1164 1262 2291 2907 1242 2223 274 2913 452 882 1541 1329 2941 1661 3238 2592 1826 2115 2017 941 2098 1961 392 2379 1184 2870 1022 1552 2593 1259 35 1442 1822 2001 605 894 3223 2134 3317 1746 3119 2262 2169 2878 1430 700 2647 1031
1779 2501 2589 349 2615 289 2092 2688 2973 839 1313 997 2500 1585 179 3158 390 78 2419 1965 1948 100 247 784 2982 1388 3053 1707 2708 702 2012 63 2863 2508 1494 600 3225 1267 2837 1461 2374 2432 2356 3016 196 1846 2765 359 1673 2422 2802 1468 38 1485 2304 2264 1181 2691 1026 1136 1153 2709 425 338 2111 1412 1659 179 296 2922 3264 42 1460 1191 682 1578 19 1948 578 1776 528 344 1409 680 1455 2953 3153 2785 2413 497 2921 530 1613 2069 1714 264 3102 2574 2549 311 577 2107 85 1050 3175 631 2441 1052 2526 1484 679 2909 2913 1738 907 1683 375 3294 1284 949 1803 1059 1632 2719 2238 2122 2151 2521
1689 920 1187 2572 1258 1104 1152 328 3184 2571 2383 126 983 1592 1072 585 1962 1891 2398 3228 2637 578 1207 3280 1191 730 2323 1169 1988 2289 112 1035 2829 1197 2573 234 625 1623 2232 1970 3326 1727 2088 2864 2471 1769 1802 2077 211 1218 1462 587 2127 720 200 2005 1558 1414 1839 2716 2033 1967 2177 1508 2969 656 3152 2768 2891 1159 2287 182 112 1860 2942 2794 617 3074 2183 1152 894 1564 3199 2214 243 1286 973 2870 601 1708 2810 2534 1059 2643 311 2870 2249 2653 1115 1552 243 3267 1910 289 413 914 2692 3156 2506 1190 2504 2755 399 506 1963 2806 2092 2097 1645 1088 2103 1930 3210 188 3027 3020 1620 1561
3328 3099 823 900 2332 3153 2462 18 2640 1664 1177 601 1756 1815 122 318 360 1722 42 905 2209 1904 3050 2319 3219 2388 1181 1307 1278 409 241 1287 1760 1965 2350 3216 2780 3279 2205 1968 1230 2664 3280 833 2038 1862 2707 1039 2737 1152 2627 2146 71 518 1023 314 2688 3141 2749 1775 731 3260 150 3160 2012 751 3132 2233 2308 1891 1998 761 2428 2851 2455 2477 1437 2198 2400 3022 1472 2335 1973 2245 452 1239 1418 420 2324 2207 1112 2131 2244 1135 2691 2944 2274 2104 3242 1930 252 3006 2929 1182 909 2758 2515 1294 434 2986 2711 1663 912 2139 2064 2421 1473 133 425 948 2921 1520 420 1109 298 2385 1082 1226
847 2776 2015 1306 770 2475 2148 2569 1561 1120 1022 2920 909 3292 1494 1780 800 2972 1688 673 3106 706 1089 1790 506 2685 1897 1003 1775 2632 1943 2259 68 599 2278 536 3233 1848 599 1858 548 1474 1595 2186 2872 822 2319 2572 2117 2808 1117 734 1084 115 2311 947 3108 1916 194 1927 1134 310 2782 1028 48 3046 1027 1754 1911 3082 2669 1017 1896 2685 2970 1507 2534 3136 1604 2881 2923 1651 1995 979 302 1740 672 826 3171 2726 1191 2252 1843 1697 1919 921 44 2491 225 2320 2185 1049 829 1599 1880 1707 1613 519 3160 201 2088 1985 1521 2742 1100 1113 1955 204 1881 459 2806 526 1541 1690 2386 2264 2720 2629
2956 2292 552 2015 1864 2935 1683 825 2256 2618 2511 936 78 2040 2640 2958 2547 2224 3042 208 1222 3037 2476 2077 2450 2484 988 1499 2631 2589 1655 2314 333 2723 2929 483 166 2600 236 588 517 2116 2411 2477 239 2637 99 863 3236 1192 2382 2187 1786 760 2795 1303 336 496 3009 2418 384 1155 1122 625 3129 1198 433 1129 2082 1349 644 2543 2623 3170 1736 2773 3291 3058 2395 124 1162 1258 831 3042 1762 2874 1863 2806 291 2157 1287 3148 205 910 1261 1564 1052 1745 593 989 673 2600 1806 252 2171 1032 2690 1643 966 1321 866 970 1095 2037 561 1208 2604 1254 2170 3265 3273 1307 1078 2305 772 3153 3093 95
1378 2990 2187 246 2561 839 567 1519 118 2144 258 23 3299 2823 2338 955 2306 3294 2002 3051 1902 1651 1052 1896 2412 2639 2544 353 2714 2770 2528 869 1348 345 2313 1641 3246 379 2801 239 540 2259 823 1441 2469 2448 892 569 2579 150 380 228 2639 703 3219 3009 2919 2735 651 410 450 782 819 1962 749 677 2364 2335 60 2930 2131 2932 363 985 3293 387 771 2420 397 1166 560 2781 975 1355 662 169 1148 1640 3174 2010 1885 1474 2153 2326 2320 1352 3286 297 1221 1783 1961 1490 1400 2581 3320 2351 1373 2933 1018 2036 748 1488 276 2283 3165 1779 1337 954 2864 2788 3279 997 549 222 1550 307 2266 1143
1234 1731 293 3118 1979 80 592 2907 2023 669 1617 387 2129 2921 1242 1559 491 1347 1078 1195 2008 2750 2838 1205 1807 1789 2971 2818 1175 751 2739 1631 2422 2140 476 2781 2785 2274 999 1441 3169 1605 2260 1398 2773 1784 1038 3133 1469 1821 2564 1487 1657 751 490 979 3104 2863 3132 1205 2933 369 3135 1843 498 897 2630 2187 1003 540 1476 75 2726 3185 974 1485 2365 1808 3164 2667 2938 1617 3302 383 3176 2033 3288 2572 3094 771 2926 2503 2258 2775 3244 1884 2597 922 787 930 2683 1081 2503 1912 598 2236 200 2169 2711 1914 530 722 2057 1709 2955 2109 3021 2655 530 1454 1300 2306 1426 3170 208 66 2427 380
48 3142 963 2725 1792 2894 3210 3087 1953 1829 187 3068 887 2792 1488 3037 1424 2090 1669 1922 2558 2198 2899 1361 24 2855 296 835 2791 884 2253 713 62 1385 477 2504 2750 670 2559 1267 2530 818 2230 31 405 2428 1749 524 1616 2731 1798 299 218 2532 1150 2790 5 1378 215 506 481 2326 3216 2356 170 1992 1820 693 2121 3028 479 1430 317 3268 2421 1346 1742 468 1312 778 985 111 1926 1249 496 35 695 2239 1267 3254 1757 3267 29 142 331 1950 1624 727 2860 2555 2683 3155 2868 818 1406 1911 2331 914 1325 2240 3063 938 1898 1719 1529 2888 1401 3225 3136 2356 643 716 3011 1072 2090 2071 1275 2512
498 2151 25 161 334 2846 93 1981 2645 3283 2733 2170 1244 1456 1013 1912 2470 102 1574 64 1320 2815 2986 2904 767 1719 2272 2067 2235 1767 1830 2282 828 46 475 1639 1433 296 2133 2268 20 1900 2943 181 1075 1551 430 2595 2065 1409 612 286 95 3206 3278 2043 1811 918 1235 962 717 1928 272 657 1207 2849 1248 1979 2127 2415 3002 764 2649 1666 193 294 2813 906 110 2487 3010 1602 3324 244 2719 1743 1018 1984 53 976 1444 2482 2949 153 2741 2498 1698 1458 3058 691 1250 609 1677 2251 28 296 2633 1525 1636 1432 2580 302 638 2202 874 612 1371 874 1955 737 23 3082 847 1782 1904 1701 1375 1665
67 2805 283 2486 2509 504 2099 1567 1410 2900 878 3213 1466 51 3321 2310 2012 263 1691 194 2017 597 2488 2587 1695 2783 2508 3061 1871 823 2577 470 959 3059 450 1848 2853 366 3206 321 2127 1251 1315 184 2097 1759 1640 3071 201 1166 2697 2114 2002 1880 917 2693 205 1903 1819 375 3133 1818 1268 3004 266 2105 2993 611 934 1336 1032 1538 3223 1597 3208 1679 2448 2325 754 2486 2328 1963 2362 1361 1070 760 2161 2414 1315 131 2357 439 1026 3311 3037 1201 2969 613 2589 1040 2752 2504 1218 2132 447 1959 397 3099 366 2079 712 1905 2383 2696 107 612 2693 2543 430 2013 1894 3306 1923 3226 3306 2243 1307 1286
1172 2198 2 2931 1286 41 1354 1518 970 2945 917 2480 1746 557 178 1834 535 27 1113 1174 2264 1863 1689 2824 2524 1329 3114 1644 1462 2866 109 2 972 1409 1584 2618 1797 1194 2002 3297 2281 1242 2933 1815 1272 3084 50 2398 780 2083 2760 2127 1731 518 1920 2205 1936 1467 1379 2393 2301 415 3312 2066 27 541 784 222 730 49 2676 1926 924 98 12 595 1447 3216 250 1312 714 660 1717 951 593 1454 2620 409 1219 2486 565 2269 728 2308 1290 413 2770 1899 1692 471 2903 422 3117 664 320 3250 2070 2951 219 1598 127 897 253 3311 1911 1547 722 2027 199 823 6 906 1754 2209 2522 2662 2911 662
3183 2770 1525 3225 296 530 2087 766 2242 1204 1633 1254 587 2678 3146 386 1519 1509 1015 3034 1366 716 1365 2953 2490 1370 2362 3292 996 1654 930 3140 2220 2839 2036 205 2843 2723 2202 2850 485 2387 2882 1705 300 2793 323 3208 2169 2945 748 779 3137 184 2713 661 529 2960 2005 367 144 2876 2045 3045 2433 2441 2558 2537 1338 470 3297 2600 1120 3017 3076 2413 248 1131 49 2532 2422 1797 493 2510 1265 1398 1768 766 1744 462 224 1552 2461 1974 2539 1583 3172 2887 2401 1733 3127 3169 315 795 1226 219 426 3317 806 3277 1502 64 2469 3087 1659 3322 890 3076 2052 2230 2892 916 3296 1256 1517 1489 1688 3063
439 414 2951 785 2557 1265 259 1940 1150 251 3123 2342 2613 3264 65 2838 787 1023 2476 2071 1890 2903 1040 3159 3079 1123 228 239 2261 706 1421 1635 1901 1483 714 618 426 1119 554 2090 3178 994 1545 2360 2583 2404 174 2500 2785 1309 945 285 3239 3001 2380 452 509 2636 2451 551 411 806 697 1197 408 2100 2637 28 1102 1357 1273 2196 689 1099 1257 600 361 1282 2232 2015 1332 3106 1609 2281 1785 520 2972 1103 2694 2832 929 3117 1934 1596 591 910 1284 2098 149 2401 608 2665 2558 658 3033 969 82 1246 1713 1601 3271 1024 1875 2427 2438 1553 3166 854 266 2108 2229 2440 47 933 1722 2755 3137 2177
1473 2491 1495 1037 1700 3091 1353 3275 2654 2948 2720 715 775 261 3005 3059 206 2974 524 2595 784 2269 512 1118 3317 1688 221 311 3280 1480 3230 2644 2411 1717 1397 1814 2064 2061 804 2192 2969 1019 1989 394 2094 195 710 1909 2029 931 373 982 1746 1941 2790 2800 2088 1598 2604 1104 279 2030 316 2467 292 2565 3286 2094 1856 2949 516 1385 1985 2630 2152 633 882 1129 3082 3218 2943 1839 2182 721 3244 798 105 951 2799 1090 1999 2951 1877 1110 358 3001 3180 153 2723 1435 6 2506 2519 734 1734 1141 2918 1230 3225 723 641 236 2938 1106 847 1565 3211 523 1307 1836 577 111 2863 2500 2945 3168 1573 2177
2874 3026 1755 3292 165 1176 1342 2522 2971 1807 862 676 1926 3122 3267 396 2528 1533 2661 2665 1238 135 2724 2616 430 2436 103 3168 2571 1120 2777 2540 35 585 2630 2768 719 1713 1389 955 211 1312 396 971 1101 3080 2627 101 1959 1743 2957 267 804 1608 760 92 1307 767 629 375 831 1025 2647 2512 1746 1385 2684 1890 2856 2538 844 2471 2396 2998 2220 2131 314 1370 317 2601 2530 727 2572 3027 765 303 1355 3026 949 2099 2704 1104 3073 125 2527 1895 1521 375 1610 2586 224 850 51 1667 2078 2471 1617 2001 2222 1535 2948 377 2910 1655 1250 3150 1122 2587 1887 698 1829 3075 738 2666 1526 1355 3074 1372
2275 2628 810 36 5 274 1919 1508 2390 2821 107 51 3224 1705 1245 2909 2702 951 1360 151 2235 2309 1904 3048 69 1792 1300 592 2625 3169 3005 54 874 1391 128 140 2913 2937 1604 3241 3177 2236 121 1669 3218 2907 2 1752 826 1808 825 2120 1625 2219 1778 1453 2698 3161 189 2430 2475 2113 2376 1523 3157 2528 2573 1862 1480 1394 349 1953 2515 1607 2254 523 648 1140 1002 2546 294 1944 3099 175 1984 2248 3236 951 2459 1830 2119 2192 1439 2838 2722 648 2577 1869 1536 1342 2972 2352 1586 3072 2188 543 2162 273 1349 1622 1330 1915 1295 3298 433 2294 489 1065 2285 358 773 319 1178 1227 2958 2344 2920 3304
1419 457 2604 561 273 2710 341 1108 1303 3263 91 3306 2640 922 3248 2565 1215 3118 1672 1293 1639 1490 3164 1210 2781 154 1853 955 2579 2465 3180 285 687 1682 3063 2891 303 3213 1607 64 1550 1024 1357 2000 1766 2578 1292 2679 859 520 2433 3117 3274 1556 397 3316 1795 2030 2946 135 767 138 1507 3242 3195 2539 449 2784 2775 1744 1317 191 1105 2288 835 490 1065 1217 3157 519 2127 2428 3077 2299 2641 2275 2179 900 1599 2658 2797 1887 1270 3009 2953 839 689 3016 2542 2261 2947 1551 2768 2648 3144 879 1993 1793 2474 475 526 1935 2764 1798 2080 1328 185 2534 529 1296 509 116 2233 680 2489 2389 229 1056
46 2128 1153 2283 932 2240 1266 424 3015 1579 1003 366 1449 2355 2278 1114 3035 1200 1565 2497 152 229 2111 2834 2293 2930 532 1534 1957 1086 484 3122 1216 606 1169 1778 2772 2728 2515 708 1972 1117 2362 662 2141 624 1382 2976 1976 2807 208 2330 1143 1885 3017 2047 1834 72 302 1687 1660 2799 142 1064 3095 1223 760 69 2987 1482 2336 2481 79 1517 206 2661 2314 2184 1118 3025 2670 1496 704 1773 1073 1768 2121 3297 1447 523 1949 411 2348 1439 2888 1091 3159 2359 795 1875 36 863 463 2709 533 2017 856 2015 1648 1020 80 553 1968 1003 724 2618 416 2636 1079 2663 2468 1196 2032 740 2948 2469 3235 823
2524 57 1321 106 3206 685 3229 745 1714 1428 2873 732 1928 1035 1276 30 3166 466 2382 2719 742 3018 163 1190 3107 118 772 959 3305 40 2356 1118 1561 479 1691 1565 965 1778 3204 485 911 1168 3277 867 1631 472 2610 2170 1573 596 48 2612 2784 2197 2792 3329 2630 184 1449 2759 1032 2993 2218 650 1609 2159 2634 2525 1600 406 3274 1735 456 534 2754 1267 2982 1248 1690 2506 1579 1380 2970 1938 1182 2168 1355 2102 1346 640 2779 3165 2391 1873 809 2951 3251 1418 1658 967 804 1377 1687 1623 1221 684 2754 2716 1506 1325 2823 2525 2795 2663 1924 2462 2783 433 2397 371 447 2219 3134 1603 2184 1102 80 1682
190 732 3247 1328 1776 801 2458 2000 1889 2061 1150 605 2098 3044 2477 1457 277 411 1315 2283 1978 306 77 767 120 109 2891 934 573 319 2258 3232 3068 2216 1859 2817 3134 2708 1533 501 3244 2719 482 1908 1880 645 2406 1609 1847 2209 2059 1572 2240 3038 1306 3037 2494 1279 411 2824 2795 1130 2010 2437 2083 1061 1326 2742 2272 3022 1351 78 1909 549 2998 2074 1764 3030 955 1969 1581 2817 1721 2967 630 1435 2786 596 780 351 46 3145 196 859 964 2268 3017 918 2216 803 18 156 2535 3050 2863 931 435 2371 2633 700 2838 1751 1008 108 2014 422 806 2498 342 672 1150 2098 1943 2194 2887 1766 2925 1812
893 191 616 1113 2910 1980 874 1532 436 2992 828 2851 2460 1074 2241 2740 1964 980 2024 2722 3002 1494 2344 1341 2186 1077 893 3213 3191 216 2748 702 721 640 1656 3003 549 2250 1642 2912 1143 2267 2444 636 3327 1370 1197 2959 1871 1547 1842 276 2744 2153 1500 1659 352 540 2388 2680 198 258 532 2297 2855 221 2388 3024 1825 2582 1643 849 3075 1400 1888 1703 57 627 1880 709 2066 2244 1539 329 2605 458 2811 1128 2922 1070 61 1217 2819 1708 579 3183 835 1376 3243 1305 2599 839 1025 2116 450 2659 439 2879 1465 622 155 1942 525 2423 670 995 2078 1207 1211 707 821 3139 2161 401 551 57 2863 2750
673 2938 2260 2186 613 1183 1918 340 1081 1363 1590 663 2966 3063 2796 2445 1667 2136 1214 1199 2540 840 81 2617 662 1729 904 2773 2092 2131 2332 1497 1891 1754 780 579 3296 131 2114 1803 1660 830 1067 1929 1446 1394 2343 1252 2372 762 1982 1699 2207 803 3304 406 3099 2821 3283 1384 998 905 1651 308 2293 450 2000 3132 2910 2086 734 339 1057 1395 2445 2024 1788 663 1535 584 403 1346 2756 530 160 2463 949 1696 279 1811 431 2814 1677 3189 2761 982 3089 2585 3245 868 1551 925 1137 3191 323 298 523 910 311 2603 104 1965 2164 12 3261 1019 2196 343 2007 1442 502 2428 1522 115 3268 1460 593 1482
449 198 2752 1917 945 803 645 2308 2100 2021 1731 1349 3187 1914 2222 3031 1479 592 991 1657 1977 2573 1971 303 2374 2551 2274 1561 1494 1208 2016 2729 616 3293 118 2222 832 1119 2481 1780 1762 830 1622 2740 437 2779 1287 851 3181 1462 1686 2052 770 2050 1589 31 1911 2605 2412 2965 286 2070 2951 2756 2352 1017 2082 2368 1674 1540 3010 569 2379 1785 329 315 1143 1503 2604 3295 3255 175 2673 2085 276 1915 964 488 3267 54 3220 59 800 565 2252 3204 624 2124 3162 2450 859 3292 707 384 497 1915 2408 3029 1395 1490 1062 253 2200 2405 1550 2356 2586 595 2079 2675 685 1930 2043 2384 1479 1758 3061 238
2936 2349 317 1039 1870 561 2866 1717 3 185 1759 213 2533 143 646 716 1533 2248 2834 2328 1355 1889 327 2861 311 1145 971 1015 2724 935 1218 686 2716 3071 1199 1912 1990 2602 3080 2193 2526 1948 78 3068 1966 1385 1495 1655 1504 1672 3223 333 1012 3308 3 723 1332 181 229 2111 504 2715 2443 1248 2486 1580 36 1073 2319 2258 1434 1271 2013 2089 2026 23 2112 313 1347 743 1222 1931 1029 2273 2292 2797 1721 2810 3235 916 2320 1196 2754 911 1651 1443 2688 2738 696 258 1160 291 1635 2356 2573 1221 380 491 2035 733 861 3315 2085 1199 3251 1882 2466 1529 702 2715 98 196 661 728 1878 934 1910 1899
2945 705 2057 728 2529 2789 1046 2619 1299 1397 2848 258 2185 2235 2146 2691 1342 964 1490 1599 2055 1521 1455 139 135 1876 189 1141 2317 178 2675 2401 117 1976 2638 432 2086 2225 2084 592 1943 2256 2793 814 1829 2192 1636 1109 593 2427 2589 2342 1788 1987 514 501 2738 2529 266 277 1524 2660 3015 425 97 406 3108 1449 3029 485 624 162 2331 2300 2243 76 790 2054 1739 3248 727 1058 1760 403 3161 143 1756 2860 2063 616 2225 2271 851 31 1284 2406 3026 2175 203 682 382 2668 1803 1578 1262 1277 2315 1715 1979 2833 219 3044 471 1201 367 2505 2517 2297 1760 1612 2841 2369 1832 1507 3089 3019 2512 3211
1075 1309 1592 1635 771 1011 258 2868 2433 35 2671 2577 2388 3135 1101 1822 2252 2698 464 1540 3279 1301 3074 2881 3295 1851 3247 513 15 3228 2493 3 1754 3102 2260 1305 921 2665 467 2793 2496 3064 1221 2026 239 1057 2238 662 2825 785 2622 2117 1370 1668 2297 505 232 1193 885 1611 1087 1451 2780 3095 1362 530 125 1300 2695 91 788 2774 2055 260 2755 839 284 677 1546 1610 410 515 3200 1987 869 2281 880 1705 1071 1382 3210 514 1997 436 1637 265 2341 2602 2668 2927 2423 1264 1567 2468 364 2052 2465 2644 2705 1978 3252 1953 253 91 248 2776 2975 1774 2880 1952 1986 2278 483 1325 1727 3211 2620 397
2915 1962 1897 217 1052 3250 514 2072 1255 1052 2890 1964 362 1844 2990 1909 3084 615 2044 2810 33 489 143 2187 3223 2527 1597 235 3200 257 3288 960 3055 2975 1971 1542 698 412 125 692 1368 1321 965 472 913 563 1361 1950 384 708 2425 171 1050 2287 197 3036 614 1117 2543 1608 575 1432 2288 893 2899 153 1211 2120 1604 1327 725 504 839 1478 1210 3318 884 2982 3302 59 3138 3308 1286 1042 1552 2288 2204 2035 2576 1213 676 22 179 2690 2263 2148 298 2616 3065 47 2855 2007 2736 2112 3264 3312 2318 1186 3187 2972 2597 1639 2981 2216 850 2178 694 1578 1634 2248 2177 2051 2074 2908 2343 1735 2636 1461
1106 2180 3164 3180 2994 2916 358 1947 1507 2473 2422 68 992 389 3291 2389 2270 1362 2281 1413 832 3050 1180 40 1251 1382 622 1078 287 945 1644 1733 3039 2572 528 2451 1813 3303 1423 1114 2044 1627 2360 686 3275 1657 3131 646 2270 3262 1049 2913 28 150 2564 308 2835 2862 1209 1377 1482 2156 76 2403 3074 2844 2386 1994 1623 219 294 1853 830 2307 2683 2602 1539 3206 2583 2810 1607 1420 1553 2154 1079 1765 2836 598 3131 181 2019 349 97 2614 1211 962 1196 328 1855 1366 1571 1492 1169 2323 1775 145 1551 177 933 1141 1910 445 2913 2174 1514 1254 581 3069 2292 1046 1224 569 2549 1937 885 2234 2330 422
884 2044 9 1442 3178 2251 3028 318 593 463 1939 379 11 1706 1327 2685 2122 2810 2714 3124 802 1439 529 2848 1033 561 1014 1190 1607 2043 2356 1105 945 877 3100 1987 485 2091 519 2640 1149 2840 1867 2179 923 1696 526 3068 2515 300 844 906 1364 1791 375 1725 1789 249 933 2055 1925 1538 1817 727 208 1201 1665 1971 1778 2120 2326 2376 956 240 2408 2946 2326 1311 1283 2353 970 1360 2005 2359 1166 2340 1295 2333 3188 3054 2695 787 2312 1980 1553 2704 589 789 1580 2001 749 2376 11 2222 3236 2615 1477 2198 2904 564 2551 1124 3088 394 3193 2772 2223 2556 2521 2510 541 682 1297 3226 2517 2180 2971 117
2036 3161 2112 3270 766 1456 2946 2453 17 1296 1586 574 1013 1051 1975 1286 2498 3029 2045 2860 2291 3098 1038 1289 1822 3037 263 2329 514 909 2455 2109 1316 1324 1252 640 1437 3281 2181 326 2539 2381 2310 972 1182 700 2924 949 3148 2928 2996 3161 730 324 1375 223 1232 885 221 2788 2517 1744 1322 589 63 2286 370 23 2733 1090 4 2514 2786 601 313 2366 725 1673 1279 1206 1956 3028 2225 276 941 2435 1411 2961 2239 2623 2477 219 3209 1 1408 1039 1353 474 1191 1645 734 2293 280 2204 280 2033 2082 20 2033 3149 136 1253 1204 3232 1282 2093 1241 1119 568 678 559 3017 2809 1986 1962 1594 1115 2337
123 2277 1765 562 2602 2686 235 464 1541 2811 743 1323 1242 3233 829 3153 1399 1131 2161 819 3026 2800 3275 1443 2620 2428 1257 1507 973 1179 3278 2358 1928 1049 894 3201 1912 3305 2109 2408 3124 1233 2033 2744 1704 1867 504 581 2198 1336 735 1852 2764 1416 788 2134 2546 2226 2819 1792 3317 32 905 908 2469 2586 664 522 3218 1092 302 3000 3248 3028 589 15 2463 1859 2345 2845 535 2515 20 187 2836 2526 303 2173 2599 3102 916 516 3313 3078 1944 896 970 2609 920 1097 2809 1685 730 2907 411 2817 131 2879 1664 635 875 3181 2828 911 2085 1547 127 2724 146 2613 933 2151 2743 2796 1195 2885 2967 693
3084 1652 2382 1704 3287 912 1225 471 2513 3135 1955 484 1324 1775 2680 501 2111 1847 1782 2387 56 3016 2144 3197 902 2079 1180 2183 1177 2403 2631 140 806 43 2736 2979 2503 625 2953 1537 1550 2947 3223 1814 928 2715 90 18 1806 1620 3277 421 1526 2102 1297 2290 804 200 2373 199 2582 1515 1853 2242 2434 946 3229 154 211 512 2768 2947 1992 2489 3040 673 3041 2798 1520 1735 1133 2607 2336 2653 2577 1163 3236 2615 2606 1014 1631 742 327 2477 696 2770 2894 1825 1501 2989 1373 2707 1606 2716 399 2461 2680 625 360 1207 688 1259 2125 1210 2342 523 1590 1390 585 530 1517 3069 2776 915 3065 2338 2519 2048
3293 2266 1564 762 618 1614 982 2155 3041 1559 471 513 809 2381 2815 2835 3198 1962 922 2321 39 2520 97 234 992 1095 1526 2880 2764 964 645 2899 2362 2370 2189 1982 979 2769 912 424 813 1238 2583 1202 2869 677 2373 2937 1349 2248 2979 560 3214 198 1210 432 2376 2951 1662 1087 2592 2752 1867 2232 621 2168 2781 3231 3004 1486 2973 1231 1455 483 1359 151 2533 2698 1710 2534 1306 2646 500 2999 2297 3308 2005 2785 2087 493 1032 3320 51 1067 982 625 2664 885 826 1187 1783 2880 894 1552 467 169 2986 1437 2125 24 2059 2833 1193 3091 1360 1217 114 682 434 1908 1198 1190 2234 1265 302 495 2147 1524
744 2325 2296 3249 1810 3159 2206 1994 389 1135 635 3102 2938 2164 1714 2658 2701 1442 917 1488 2640 2671 956 1005 3009 2225 2348 1781 2422 1708 1095 1404 2270 907 2474 887 729 3115 3319 1277 1660 2379 2302 1103 1874 559 1586 488 1545 1908 1057 1577 634 680 738 2781 940 684 1105 1628 846 1521 1616 3230 2290 1091 2211 3200 1601 1187 1984 2005 1713 563 1569 1203 2171 1593 109 2120 1798 1847 3214 641 1398 621 3058 1213 978 2220 45 2317 743 78 3141 2849 1596 2199 22 1242 3147 707 1295 1574 137 1315 1277 2034 753 2436 253 1739 1406 1576 216 2323 2738 839 702 2225 574 526 3063 1565 2880 1113 619 1920
3262 2183 565 2012 1906 1153 2907 2525 1100 2227 852 1151 1794 1823 3192 1191 120 2009 47 2387 7 2052 3189 621 1274 3283 680 1502 1277 1501 1600 2010 266 2652 627 487 2229 711 1116 605 179 1592 2204 1382 1684 3317 411 1044 316 2741 1532 2121 1782 2062 1159 1265 1634 23 747 2739 1840 2981 2407 264 1920 2200 240 1416 2868 548 689 3180 2595 582 159 2669 711 1719 2471 1591 769 693 1284 1686 2693 1303 3132 220 2602 2273 2519 711 2085 492 79 1170 789 349 2846 3214 3202 2674 536 2333 363 2445 898 452 210 2366 533 73 1309 848 778 185 2986 2821 700 901 1602 3002 1151 321 2371 1750 2880 2742
2052 1328 2831 2290 2167 2447 1054 2736 2092 238 2129 2804 1668 1724 3089 1560 1701 829 2181 1473 21 1160 1754 1590 1126 444 2990 233 2568 2535 778 1364 551 1331 3194 1667 1236 733 1123 2188 192 2511 534 2416 1654 2482 2078 1146 366 1070 2465 1421 1679 2051 997 639 377 1686 0 738 2254 2975 649 1480 1588 1950 1171 3082 2472 1937 3279 3071 1205 1201 440 2492 2290 3197 9 2346 1231 2578 141 2557 1384 544 1807 2704 1123 1981 2119 2970 2250 980 3138 1719 656 347 1745 1534 669 2910 1628 419 2478 3314 769 2964 2053 2125 398 2077 2565 1271 255 2551 21 1806 106 141 779 2575 2535 1573 1428 213 1273 2213
1663 421 2824 1967 550 1709 1312 2921 2819 2848 2235 1776 3115 2366 2195 1516 572 335 1452 1468 1961 682 2587 695 978 163 2392 179 1475 2871 1232 2080 1322 165 1038 1097 2213 800 1838 308 2512 308 1389 2000 2999 2204 1185 1947 2544 714 191 2641 463 523 2005 3064 62 519 208 2096 1385 2389 463 2397 1413 2130 431 1138 331 433 3084 589 2964 1441 833 1223 3110 1784 2473 2574 302 371 1161 556 1016 74 1751 1909 2626 1158 2933 2375 3027 1595 2363 864 1665 2812 436 647 992 1359 3045 1746 238 1308 2876 852 2069 881 1696 806 1309 520 1848 436 886 361 2653 2225 804 78 2324 615 3199 3033 3278 417
1330 3315 1395 1361 2463 3075 633 1157 1741 2937 860 1424 1833 2301 851 1185 450 603 1934 3091 2082 1670 1695 3231 2352 1058 3119 654 1172 2089 110 3081 2778 469 1348 678 2955 2913 2863 564 3126 2088 252 330 2080 829 302 1813 350 1986 2809 1694 2021 2624 1499 1459 2024 2171 1018 1242 1569 448 325 943 283 485 1282 1519 2644 2754 1280 2019 852 2910 3217 265 2340 1000 784 944 1788 1374 3047 159 1135 1220 553 947 114 213 2948 1664 307 2670 1564 2833 1870 2617 1795 2062 195 85 2188 2282 712 3117 308 456 84 426 1066 1278 933 2439 573 2858 829 1077 3072 2479 973 304 1456 2264 1730 2817 467 1173
2676 1324 1250 2523 496 811 1258 1515 482 500 104 1470 1969 2972 3091 477 456 2041 913 61 1271 314 3053 812 346 2344 1322 365 855 2710 2344 2248 1981 1399 617 1640 2502 1823 2198 2922 134 2417 2458 1894 2188 1688 2480 2228 2520 27 2832 1402 2932 963 1783 3257 1091 144 1760 144 2960 317 3254 655 206 1419 2652 1033 53 727 1213 1986 2600 2104 2055 524 2380 1247 610 145 1505 939 2768 1276 2338 1028 1449 1351 670 3012 497 3171 1518 969 1441 2253 920 1150 11 1450 784 2853 241 1550 2033 616 2029 1703 2886 3008 597 1775 2109 1653 2396 1391 110 1590 2006 1761 1987 402 3224 1135 1288 3314 1386 41
1815 1462 2185 2274 840 577 5 3271 1426 1073 2313 2442 3051 1848 2035 3014 3189 1056 1030 1318 412 2616 2701 462 2290 1828 1892 2748 2835 1544 1675 1631 450 2158 3278 854 3208 2405 2170 593 1186 2946 553 919 2365 1188 148 2312 1494 1685 2025 2861 1743 565 265 592 3148 2174 2914 934 677 2947 990 1582 44 1975 2432 237 2759 2309 2065 2453 2917 2816 3050 13 2740 1258 589 1655 1219 1427 2711 3167 1965 1293 208 149 1902 1641 3132 3211 2875 2292 271 2656 206 3012 993 16 3237 1069 257 2684 1916 373 1994 1137 1652 430 397 3053 1017 535 687 2681 19 1756 1794 2702 947 1852 2048 2884 2891 1195 1258 45
657 1100 2994 2807 208 1825 1310 1007 926 506 1759 720 2359 948 636 1846 2461 1699 1736 3211 3055 3169 856 1079 2871 284 1834 1700 421 1659 652 1311 1187 1331 730 1107 1998 393 2769 232 3129 2004 1981 2776 1191 648 801 2101 3013 2152 1681 605 3299 611 3199 2160 2579 2875 1488 1048 2426 433 2752 2796 1886 395 1181 162 1401 2197 2043 1435 147 424 157 899 1898 1618 1627 312 3061 2058 1640 1180 1497 1903 1566 1123 2225 148 1135 1881 1971 261 1084 1449 1188 2507 2970 2480 2605 3167 976 1534 2423 2431 153 777 258 1690 2472 2736 1705 1268 2106 2826 9 326 961 1077 1782 1958 2286 842 1115 371 2055 3088
1841 1046 557 2432 212 1670 2212 470 3260 1986 3173 1613 3257 2807 739 905 1118 195 2093 679 2287 104 204 3228 2327 878 1676 350 962 601 1900 2423 2451 3249 2927 2218 2226 790 1562 2426 3297 3202 2327 975 1499 1795 2003 1229 716 1554 3233 2973 181 3033 3052 3057 765 1571 1441 2762 3213 1337 1152 1322 2165 1871 551 2722 1359 251 2747 3002 2314 1736 1882 3025 1500 1354 2667 342 3102 3084 1017 1979 1019 1402 608 3133 333 564 2659 739 2226 2092 1530 467 2230 1314 1770 1629 680 1446 3305 2431 2732 2769 822 3221 1112 1921 1438 3296 1201 2786 1098 2691 1912 819 103 1404 2560 3247 2368 1715 2792 2769 2755 30
2787 315 1217 1571 1408 3322 868 2690 3218 1862 3057 2102 344 2152 224 2335 16 1628 1576 1068 2753 1396 1999 3281 1933 1162 1459 775 2327 1217 1585 1122 573 3221 1656 668 2314 1342 237 2008 656 167 196 1126 2680 2666 2479 2305 1208 616 869 3287 387 542 1424 1889 37 2362 2232 363 1757 2027 2662 646 1297 2960 1238 2493 2984 1438 1941 957 47 879 1474 994 2768 565 2624 2984 2029 2034 1674 2747 2877 1126 3193 2269 3088 3056 2387 3254 1528 1110 2266 2187 113 1469 1 552 1236 2451 721 1536 1925 2401 2648 2169 15 2335 3101 1598 1277 740 2813 0 3266 775 1091 756 239 1003 823 3311 1026 145 1719 12
1816 3148 2420 286 2468 1 917 2262 189 445 1239 292 2884 2925 1442 1985 1349 2231 2333 2351 135 145 2647 2715 1292 671 2344 1307 318 1138 2626 499 2424 3146 1491 1664 592 1559 1992 2476 763 1337 2605 1197 603 2215 1256 2859 445 233 2719 2598 966 916 1515 1371 2474 2315 315 1513 2143 1412 2314 814 1698 1878 2749 486 3254 2447 2079 64 789 1252 1322 3077 2257 3151 1716 2103 2996 2313 3311 107 2525 1851 2261 3095 1978 1198 1827 1856 1148 1750 863 2735 1123 778 1182 2259 133 850 55 1434 1721 1989 288 1426 442 325 1972 687 3006 391 1693 2695 319 973 1621 1849 1040 1498 2591 1851 2380 331 1930 89
3002 1756 3286 1395 900 2713 462 1392 884 162 3090 1211 1076 3125 3272 2249 1742 2630 2315 74 715 1984 3165 2006 2698 2758 2934 2976 3011 699 6 575 2020 2314 4 384 792 2303 632 967 984 1572 2885 168 322 892 1123 846 2104 1572 1443 2081 1634 1225 1211 2012 3124 648 358 3148 2279 368 496 3128 971 3093 1793 2801 2824 1248 184 71 1477 691 818 1244 46 3211 947 848 1665 126 356 521 3073 2060 2706 1868 1744 1310 2816 265 2608 511 2485 1383 1328 2797 1513 1125 1860 939 424 461 113 2519 240 284 307 2197 1175 3165 1025 1878 1040 1542 1927 2455 2091 15 2753 554 2579 2806 1973 2069 2726 3180
2265 3252 1067 9 1297 2925 1780 268 371 1829 1335 1503 2140 1813 3305 2172 1158 1726 351 97 1382 3078 3295 295 634 1265 289 318 12 1536 911 1226 3015 2747 3218 2355 313 2504 241 1592 2646 2396 3284 2286 1715 2258 2926 2316 2537 802 1682 3319 2876 1335 941 1647 379 2122 438 2646 730 2444 1032 1459 2669 1541 1566 1818 2309 1128 825 2420 2416 1370 2596 920 1051 2555 210 2290 849 1800 1650 764 1419 3276 954 1757 222 3020 982 372 893 1047 2146 2866 3121 3283 1397 1307 3226 2195 1428 866 1347 2114 177 1422 345 1462 1324 3063 1862 1885 2072 1732 2919 3079 159 500 2937 545 558 2774 375 3058 189 1794
1245 115 375 1748 1141 2584 900 873 1904 2487 1506 1809 2877 1860 2459 2037 1859 681 550 2450 1867 2308 1938 1786 2244 3099 1171 3278 2050 927 1604 118 2962 2675 3066 482 1149 2066 2790 2783 2996 365 1596 1537 2301 1217 2814 2298 59 3051 2931 2175 1088 2915 94 907 2852 2514 1481 2563 2188 1103 2717 1045 1674 1911 1475 1285 1272 1691 1636 1525 1931 788 1874 1642 3010 2970 1330 481 585 2107 2854 134 2960 1853 2154 2098 328 826 409 3224 3227 3181 2507 1850 1055 2384 1397 3276 1939 1894 2972 1423 3000 1452 2845 149 2791 1159 1984 3119 828 336 548 1941 2097 1628 2571 569 833 2412 1449 2729 616 1083 1319 376
2209 3318 464 2477 1943 1146 3286 625 176 1501 2345 1257 97 1259 1115 2754 2923 1158 282 3281 1989 2456 584 445 2149 582 1764 967 771 2564 321 3219 740 278 1567 1079 1522 2372 189 2175 1313 3136 676 1930 1331 2554 3008 2415 708 516 2948 645 260 364 1887 2841 2130 806 1165 2794 1520 3083 16 991 2660 3041 2605 159 2545 3165 1815 1061 2483 2159 359 915 1475 1714 3040 1274 296 944 1609 3130 392 1880 404 2667 2609 1885 1913 2503 2127 2790 2466 2638 937 3199 716 2656 1984 2867 3051 2232 544 1199 1433 2796 1473 481 2701 2808 994 2167 3223 2809 2702 1031 3206 291 539 2480 2320 195 894 2636 2468 887
1237 1791 3289 2825 3176 60 2477 694 1602 74 1172 2560 2394 1170 2391 2002 1087 2305 938 2946 3156 1737 1193 1614 2898 3026 31 352 318 2347 2165 1965 383 1722 625 882 2963 398 473 1121 2847 885 1674 3083 2754 2925 1809 1654 3166 1008 1123 3293 2691 3304 234 2965 3253 2639 1921 1133 1296 2192 2888 327 1598 151 2451 250 3080 221 1409 952 1295 743 2398 1978 81 1883 2595 1330 1605 653 1701 461 2248 987 1041 2467 2380 3239 222 2508 600 2748 1775 2530 2313 1254 1144 722 2836 2526 1145 2688 142 602 3123 496 1622 2701 2132 1018 3232 953 1747 2641 2530 2464 2337 1599 2719 586 2815 1748 2131 1347 1902 1490
2332 1606 1455 2832 3321 23 1008 3295 2379 942 3067 1637 369 3281 2995 1851 2827 3036 3314 2750 3011 396 550 2762 1925 1882 2385 1744 1368 373 1920 1244 582 708 3009 2359 182 3286 2119 1100 2862 2357 62 644 1344 539 17 2747 2082 1853 2064 204 1943 2044 2746 1238 1629 1152 2996 2377 1384 684 1121 131 326 219 1807 3071 2688 84 1360 636 1771 2673 1979 1319 2380 783 263 1645 73 2872 662 2052 776 2934 1309 870 2789 889 2985 2058 3194 279 1665 172 2566 3111 1628 1316 3277 1724 2841 3275 2894 1902 1779 1423 947 1647 1375 2193 620 1622 2346 2028 2653 799 2801 744 1704 3295 2941 1412 2127 2805 3255 1490
3264 536 2750 496 1847 1808 1421 3180 347 2696 621 2984 2694 787 2428 2944 10 2301 1118 843 1077 276 161 2588 3077 3274 3248 590 3056 890 335 825 2669 1461 1113 619 1239 1139 1041 1339 1358 3098 1272 2759 2978 560 982 658 229 48 930 2266 1347 2732 2196 2002 2172 1865 2063 1859 54 745 2133 851 2857 2266 103 675 2727 45 16 2440 2967 2111 1987 1791 624 71 2779 147 1890 270 2283 1643 3134 3114 3221 2018 2288 616 643 3103 1413 25 1302 1477 525 646 258 2003 2549 1931 1111 1575 121 2892 1471 717 1814 1857 2382 2945 819 2924 2855 2608 3321 3182 989 2382 2936 25 1335 1205 1055 635 514 1459
1952 2674 1540 2965 1771 1671 444 1825 1713 2069 2413 191 2866 3149 185 2658 2740 1948 1821 3324 1008 2303 3021 847 181 2529 286 607 3184 239 475 3178 2916 79 2155 1134 2766 2177 273 163 2628 553 2423 2572 193 2956 596 2920 2764 2246 2487 2560 633 2042 2834 847 1407 1692 2703 2764 517 742 473 1618 2693 1773 577 7 1761 328 139 303 2993 2716 3223 789 2401 1913 826 1873 926 93 3243 2976 1133 265 135 735 3183 3102 1068 1052 3153 185 1585 41 1754 197 917 2208 2986 3316 907 3293 555 1469 45 1168 1018 2437 348 1454 2663 1641 881 1121 3070 3116 1347 3108 2182 2772 2053 86 1592 587 3210 2202
1423 45 1553 2202 2785 2425 1747 2598 1358 1254 261 3013 205 2373 1265 579 2144 2330 2861 309 2717 373 966 1168 633 1854 1292 2787 784 505 3139 955 2231 1966 536 757 2109 3245 1335 1132 770 2186 0 210 1869 2452 3281 3262 70 2966 1312 469 1155 2810 311 2021 2611 2125 2323 2244 2360 913 1475 275 2828 2354 2895 2868 2198 1519 1416 1800 2424 2284 790 2906 108 3274 418 3287 2165 1591 1096 2274 2891 2192 775 2884 441 127 1558 774 2788 1072 1999 2219 821 43 2312 2283 213 424 1305 2437 1499 1671 2974 3232 1940 823 868 2531 1230 2249 2473 1751 2846 839 507 2045 1823 320 204 815 622 3245 2844 847
2275 68 2245 410 2660 2893 1823 1835 1488 1955 807 2083 2355 1332 1166 2351 912 1713 2394 237 905 34 2312 1935 1269 2507 1097 2192 727 2420 2716 3243 282 285 251 2005 1363 2082 364 195 662 1316 3137 1773 2802 1970 2437 582 1528 1923 262 1127 854 3185 2490 2149 2347 2351 1464 1337 1731 175 908 2238 1842 3063 2094 2592 3123 2976 3213 1236 750 1987 139 2756 2614 213 1533 1343 995 3304 531 3244 854 8 2800 2949 2290 2840 1965 514 18 1502 2789 799 1736 935 333 2350 1233 898 1499 155 794 635 2144 475 2235 1991 3309 622 1394 321 1480 2927 679 268 1919 89 532 3116 479 1681 1216 666 1036 2379
1633 1380 1143 332 449 2002 452 2314 599 549 974 2750 1062 1807 1107 379 2156 827 2443 1428 1670 1176 2289 442 2643 1703 847 3202 2968 545 3071 1884 1155 1788 2350 1915 896 7 629 1092 32 166 915 3027 2026 2413 1935 1 1504 3064 3276 265 1108 823 80 1459 1175 1843 544 2600 1886 1579 3083 405 2985 2214 1144 2766 2915 3101 576 2852 1267 3309 2874 328 603 1966 292 329 2086 1826 2005 1184 569 3031 2266 818 1371 1878 3138 2321 1854 2432 1367 1448 1246 147 896 1808 1929 791 1984 1475 292 2325 1459 2187 1405 1411 1967 1214 238 2585 710 786 1367 1945 2098 1645 3048 1212 376 2621 272 2459 465 190
797 434 1661 3263 220 1009 3318 2470 2535 154 829 21 3220 1017 1188 86 1998 1679 1366 1848 1321 3036 1408 1678 145 2067 2726 2509 3237 2762 1956 2786 2338 2722 115 2305 817 2703 542 971 1886 2444 2351 1873 3217 1780 995 1820 2350 1601 1511 3016 1270 523 788 1600 3220 133 330 2807 512 736 125 2282 2573 945 2014 104 2402 2285 1344 729 269 213 3224 2234 269 1412 1602 1280 77 2743 2058 187 489 1464 2113 1683 2037 902 980 2466 797 3025 683 1726 148 856 1436 231 2164 2466 23 1244 11 3292 245 1469 3230 2492 2204 1884 3197 225 2237 2566 268 3115 2584 2615 2171 2360 2581 833 74 2476 2984 280
170 1566 2462 22 2238 1606 830 1314 1300 3285 1957 2832 38 1612 504 265 221 1883 455 2596 614 1644 1130 674 2850 1340 2205 3177 3204 2574 2942 779 2462 2561 368 226 92 280 2484 903 2516 379 794 2665 2523 926 1260 2246 1962 1655 2728 1977 273 2288 461 109 560 2185 1957 945 2253 1538 1310 2328 20 2766 5 3026 1584 31 2733 1699 2184 2938 2562 2238 560 1753 1270 600 2839 1918 1674 3209 2035 1792 2476 1848 473 2148 503 3218 2371 2738 794 1859 3260 2128 684 947 3140 3031 3252 691 789 2035 2062 2460 2112 2419 2498 1992 1567 1409 1003 3288 3262 2359 2768 1322 120 952 796 191 2564 1968 2404 1661
1246 1938 1286 2325 805 1891 1596 1614 1222 1124 2965 1274 1466 2104 301 1488 2916 266 1253 2390 2080 2171 2106 972 1363 512 988 626 3195 2999 1941 1375 1211 2368 1464 1848 1731 1490 1741 2815 2185 1316 1894 440 1249 3235 235 516 99 523 1308 671 2350 1785 2314 2574 1102 1906 1410 390 2430 1629 1838 623 3073 1920 1517 3169 364 861 2468 806 1803 852 631 1627 1922 2919 2531 1260 1291 568 2554 2370 1532 572 1682 654 1121 2844 3119 1946 311 2291 3058 2145 1955 1325 1424 3067 1459 3240 451 1299 1827 3315 1672 3001 2435 2689 1352 1407 2891 12 2164 1397 978 2710 3099 926 2523 1790 182 657 2448 45 1831 3077
2067 502 2274 3193 3263 14 1321 2785 1354 2524 2572 2506 3160 98 2011 113 1996 645 3218 3168 2885 2007 3064 47 2743 2763 138 2108 2126 1739 2022 1233 1164 1695 2198 1958 3000 2028 1792 2682 145 625 100 2523 1064 1308 815 3076 1646 2855 1276 2796 719 95 1424 2662 2982 3239 2021 1513 2005 1380 211 2194 1385 1878 440 604 1565 2324 1544 1665 2917 1782 2854 2065 817 785 3013 2728 2600 3274 908 1016 2521 113 2914 851 3099 2190 2638 2090 144 46 1873 2411 92 1721 420 1675 880 2929 3261 829 2715 710 1622 2013 2963 2348 2092 1418 1873 2979 2416 2021 1148 1132 1866 1723 2118 2104 925 654 3252 652 2599 2496
1748 2177 2908 167 30 1322 2536 1195 1058 1976 565 2394 2970 772 156 1070 2369 94 1989 2183 1922 1204 208 48 295 2377 1733 260 1591 2584 245 2542 2942 1701 47 1805 2043 2885 108 1307 1453 1165 1683 618 2326 1295 2826 168 1958 2522 3103 1781 3107 3003 2574 2621 2751 3164 2541 2611 1752 1626 1000 987 1778 3246 2151 2388 92 130 1983 1634 924 3121 1648 928 1265 1895 1602 3165 405 820 3061 1266 1818 3236 1975 2094 995 119 2565 86 747 1993 2342 303 3325 358 1462 2683 1747 2855 68 2420 1191 560 3278 3161 2364 989 3285 1460 529 3118 374 2328 1825 3112 269 2691 2143 128 2328 2125 2423 674 988 1286
1173 3062 2004 641 1196 385 2724 1667 1390 1878 1392 1214 439 417 867 1663 1616 2503 1155 3294 1881 1377 1273 2472 3061 2537 1541 1641 3177 3201 2936 1917 1402 280 2919 812 1820 2804 1576 394 447 712 2048 1104 1189 2147 208 1009 2995 2232 2615 2972 1148 684 2825 3165 3026 3202 1059 1200 3038 419 2034 1125 571 1544 365 2327 2070 2363 2090 102 293 154 911 2647 2044 2732 2982 3004 2167 1737 2056 3194 1266 1240 561 2824 377 1223 1274 618 2968 2014 436 620 2575 2619 1670 1232 2748 1369 1590 366 507 1000 1838 1470 1047 2896 1477 283 1640 868 2777 290 1070 2938 1795 594 1875 1484 2427 171 1798 117 801 1985
272 605 2070 1355 226 428 2954 790 2404 1386 2548 177 1842 1434 1701 2941 1401 1163 948 2472 107 1186 1915 941 939 2053 2938 530 414 843 436 1986 3104 3034 354 148 3134 2609 1789 775 1010 1802 506 1719 69 2351 542 1783 1392 2515 3308 2239 2735 1281 2279 2229 1653 1228 1162 3098 1336 569 2976 530 1888 1117 1729 1213 2930 2894 844 1065 40 3000 1757 2495 389 1013 1828 2167 398 194 2770 2039 2402 2498 246 1976 547 2804 2859 2067 2057 2359 1660 2515 2446 138 2594 3186 2190 706 225 1322 1268 2175 1012 985 495 876 2102 1168 1572 1278 2183 2451 259 1350 2567 2330 418 2881 609 523 88 1196 2201 606
606 3078 466 211 409 2269 2167 1498 1495 2813 1493 2681 2485 1137 3190 3015 2221 1533 496 2054 1100 577 315 88 1775 906 997 408 2558 285 1590 1953 1997 1299 1566 2355 1667 1955 231 131 1811 1196 705 532 1236 2045 3223 103 610 330 2516 3225 1510 2209 1649 77 2475 1901 1348 2767 2272 1192 1690 1687 242 2931 1954 1006 1124 1779 503 623 1994 218 1740 1284 1210 1528 1934 3232 1951 2080 881 3247 1714 1462 2375 1360 2408 360 2284 1907 1024 2903 147 51 3036 2871 1230 893 2148 1664 3039 647 316 529 2652 2654 306 1541 715 2694 2513 3013 1484 2926 1509 1760 2435 257 3322 2859 1948 1524 1710 643 3056 3246
1087 1043 628 1423 3034 2108 2306 992 2752 1074 534 122 3256 2599 390 1254 1305 2412 2213 1267 1744 226 1768 838 3244 201 195 1496 3321 713 1166 2335 2101 330 344 1551 1190 2414 1972 1590 937 3085 2256 1294 742 1184 500 2495 1567 2592 2675 2326 398 1894 2298 977 191 1927 169 1067 864 1214 313 3182 1584 1585 1097 376 1139 2982 3174 974 2972 2133 2694 59 2356 1398 391 279 3308 145 251 2684 762 1197 914 1176 1690 2804 2862 3289 3138 2106 677 2040 1382 3308 2712 246 566 9 2187 2887 2227 703 511 1575 2338 601 3136 1656 622 2460 300 2182 1518 1146 707 1320 3327 592 1613 2402 1255 1701 1548 1563
347 684 2863 249 2018 3081 85 1115 1827 217 2604 2281 405 2580 760 1331 1777 1387 2277 2737 1925 2072 2856 1264 3304 318 2638 3225 921 3255 3221 1795 3228 729 162 2153 3274 989 3042 1997 1848 2621 1468 3293 936 702 768 2510 2743 1308 558 1357 1491 1387 2465 368 1485 1060 2909 434 1841 1861 2323 3024 1671 1527 2330 632 832 2157 2887 1696 123 850 280 1983 1060 333 877 342 1905 2204 381 2930 735 2804 710 2870 2276 763 1700 1861 1613 942 2892 3248 886 452 2771 2174 1926 1354 2009 2274 1190 807 1399 1955 43 1741 2783 1227 2134 53 2341 2823 3296 1931 2651 735 1998 3134 636 2515 1147 486 2418 580
2604 2574 2966 1983 2899 1239 2460 891 3107 1022 2300 402 320 230 233 282 2777 3149 1096 2636 1273 3208 1962 1797 2952 1606 768 2156 3203 2020 296 1544 1430 2441 2883 2590 680 899 363 2342 65 3123 2563 308 1911 1362 2513 964 1824 1523 55 1233 151 2650 3240 1792 2370 2204 30 2198 3306 293 1495 1250 3312 1363 2233 974 285 3156 1986 2481 1542 623 1654 3102 129 2909 143 2646 11 797 3202 767 1488 2971 2141 1804 570 16 184 3201 2372 1804 30 1421 2634 2807 486 2952 1316 588 691 2321 642 1917 1894 2261 823 2670 314 1602 1721 1651 3168 1229 1993 482 593 147 2435 402 2427 959 968 681 602 260
3106 2864 698 3308 1858 1586 2191 2993 311 129 1240 1613 2549 1957 500 2819 1489 739 1681 3122 2914 607 890 1282 2245 646 2150 554 517 487 874 1895 2657 460 1057 1628 2648 2888 475 2206 107 73 1438 2758 1900 1621 1687 2842 2376 1069 999 3013 95 523 2548 1503 1153 460 3290 2482 1 2530 53 1340 1300 644 863 440 93 2893 3139 1500 516 1233 1802 2728 3134 1033 285 3265 2036 3106 610 17 630 2361 2635 3230 2113 188 2858 141 1273 2391 2708 1861 1146 3254 914 1462 416 676 1253 2673 3208 1294 1475 913 1186 2038 3025 1607 2222 2591 1230 665 792 1955 1488 2811 1227 1113 1812 1927 3199 2120 3234 1994
3085 875 1434 41 2396 436 2674 969 491 2854 969 1146 588 2891 2045 1747 2480 1898 3004 1928 2349 332 1916 2379 637 3173 62 2724 1982 1125 850 2518 626 1238 1438 484 349 432 2091 3277 2033 906 844 1485 2832 1312 193 3189 2248 2807 2003 3205 2461 282 455 3310 560 2916 1951 3208 939 7 391 1224 1286 2794 387 3090 568 508 533 2932 1012 1230 706 2487 1773 224 2524 222 2801 2179 270 561 438 2868 28 261 2671 918 1065 3081 652 357 1843 1417 3053 2293 643 419 21 1285 500 2493 1556 2054 960 1781 1277 2216 2308 3004 3082 1737 735 668 1078 2922 3227 3076 2334 2605 1983 1632 476 2446 511 2159
1434 1084 137 942 1301 3287 3216 1079 721 2059 879 2083 1611 1369 2472 2049 759 884 3230 3145 772 3155 816 335 3282 286 1024 421 1633 3217 3100 2325 224 2567 365 3058 2254 1179 1227 2638 2761 383 1832 2786 2212 1072 1222 2317 2439 2947 278 470 1114 2867 543 1621 1102 25 2141 480 53 3321 1865 2089 3200 2974 3248 3190 3243 2332 1686 1447 3259 1806 2957 2957 618 852 965 2469 2757 219 2905 45 803 1316 732 1064 231 2755 2369 143 1385 655 3251 1209 2172 2921 44 2214 2820 166 348 1751 1559 2396 3111 2273 577 3197 986 1362 2430 2606 873 688 2838 564 3092 1305 1565 1942 1027 2819 402 743 1579 1668
1358 27 915 2483 2371 2817 272 357 3029 1571 2096 2241 266 3247 1492 1987 245 1573 2619 2584 1504 2639 446 1587 3211 1760 1687 1019 1968 709 322 3318 1393 2789 2600 303 317 2841 1940 2137 855 89 993 2606 2344 2486 159 2072 2572 276 1541 323 3133 1983 739 270 1764 2651 1070 1357 1497 1845 2625 2654 251 2474 289 2480 447 2193 411 2980 2069 2369 2305 3113 1141 2289 1237 362 442 1976 920 2326 3053 1209 2999 1426 480 2081 597 2790 1455 547 2434 2036 358 3053 2242 1514 3290 1637 1466 793 2558 1112 311 192 2731 1710 2988 1861 2470 2738 2142 2253 915 838 1694 1911 79 347 888 1852 1837 2192 3066 1226
183 2661 116 1634 498 504 987 2762 2989 1087 1797 1809 2290 2188 1770 812 2700 1931 1430 3308 454 308 1861 1470 3077 58 1207 2317 1615 1981 2589 3062 1213 885 1658 2488 2273 2062 2027 1538 1141 1931 2081 455 2413 2652 1719 7 2562 696 778 1767 382 209 1688 1220 2728 1371 1627 3312 1443 620 1372 2585 340 2248 2276 145 2603 825 1307 906 2862 311 2809 576 3272 2930 1867 776 719 279 2937 2131 3156 206 1117 1489 2469 1466 2294 295 2442 2616 426 2690 1003 272 2203 2165 2832 1290 710 1956 577 1630 1278 651 2173 2852 512 304 2356 2835 439 1922 1564 2459 1995 2628 2096 1539 112 2056 3296 2759 1743 2745
2687 1998 2521 3160 1937 1440 2520 1662 2935 762 2995 725 1971 3128 2691 1847 3025 39 2133 430 815 83 3212 104 409 3136 762 2751 1195 1723 13 3251 966 1978 765 3161 1970 642 1665 697 2412 2733 205 3254 2432 105 894 2978 1595 2647 1555 1686 3016 115 1520 443 1047 2781 1576 2337 413 828 780 1741 3242 1714 253 1169 2168 323 1933 1898 27 2490 2146 1608 1687 1088 2443 3052 2986 1507 1077 2937 296 3013 1904 1169 924 238 306 2884 2470 1857 2527 373 2716 2403 3237 2049 63 3162 2886 2299 1791 2293 3104 3004 59 2371 2402 105 130 878 2529 3139 3207 2853 2250 2316 2134 600 616 2491 3089 1002 576 787
942 1869 143 869 2489 344 1983 3256 1245 1105 1789 2010 2949 2339 1040 8 1385 2635 35 2235 616 702 2233 2797 1531 1774 1753 2706 1785 1937 749 184 3254 1538 1029 1921 30 3136 1903 1966 773 1628 390 948 2059 643 240 2708 1213 2334 1363 253 1996 452 1215 2194 180 3133 2505 2611 2543 1028 2185 2154 3124 568 822 1037 2388 2029 2679 1000 828 954 791 1786 1933 126 1034 561 1439 1969 1389 2197 1185 2348 966 3261 248 197 1620 3153 830 287 1336 1734 1708 1439 2487 2069 3270 997 1017 1493 346 1184 280 28 802 2799 2076 1865 3012 389 1148 2163 2516 2214 240 1945 288 2370 2944 2851 274 1533 3308 283
375 976 2693 1828 475 2899 176 3161 688 1862 1561 278 76 3061 875 369 1243 625 1583 3146 2652 1594 269 1802 3027 2881 1922 60 2064 1207 1908 506 1439 646 1736 2326 2047 2229 1849 1372 138 2870 1331 601 2661 2910 2818 1200 1254 3041 1610 375 543 330 613 787 881 168 114 1821 723 2538 1034 1319 2939 742 209 1047 1632 1661 1921 1796 1689 2410 2400 2240 2221 208 748 2727 1096 2569 908 2295 206 1530 351 733 2992 2235 773 311 538 1501 1472 2653 1669 481 868 161 2107 562 2255 3065 2182 2924 3009 3223 2344 139 3028 1467 1841 2617 885 593 53 1594 1289 3132 1082 2466 745 3000 1388 2926 2104 1174
2272 2391 2670 365 3227 1103 706 695 159 2861 203 2608 1094 1840 531 653 2639 1225 3321 368 2806 2540 943 2592 3104 2207 362 871 2093 1238 1872 2715 347 2108 2427 2584 3325 2220 2414 1223 3148 1888 716 1869 727 1945 2539 2485 2361 1421 3290 2621 1279 3315 1765 205 1860 3149 729 373 1414 2909 2849 1728 84 235 1249 1464 186 1314 1518 991 625 2933 3074 413 32 1985 2738 824 184 455 1411 372 70 961 1382 2471 394 1310 809 76 2016 949 3290 1407 2375 248 2267 2918 1494 2004 43 1450 1254 1834 2274 472 2012 1606 1916 1859 5 494 629 1811 626 410 2262 1613 1692 2125 2021 2199 1205 2003 2611 311
2658 825 2978 558 2724 1746 2414 2550 198 1170 126 945 2305 856 1647 692 2878 316 3139 1536 3079 2434 1746 1916 623 1465 1397 278 1112 2349 806 1758 1681 1369 2695 1992 543 1025 1234 1179 1023 464 2745 113 2977 1993 462 1225 1045 2620 2643 2443 852 136 2621 2878 2761 3225 1252 2237 589 3083 1860 502 3081 1400 1341 2332 128 796 14 397 150 1773 3223 3004 2289 829 1237 1567 2473 1552 3138 2748 2990 1834 943 2709 131 2486 87 2505 227 2262 3275 15 2998 2880 1581 2397 840 2072 688 1930 968 1968 136 1857 2028 3262 2411 3114 17 910 2579 834 912 2393 2101 1379 1938 130 597 1255 2019 62 2364 3142
2982 1334 3112 2245 968 2755 2501 1422 1527 1901 3239 1200 484 3158 1275 954 323 1365 3317 872 2193 1760 2888 2647 1745 1826 105 2067 543 839 1576 582 2250 349 2060 2881 3152 1471 513 757 3070 1573 2724 3249 840 213 3171 213 1898 2804 1274 405 774 878 116 1570 194 635 1854 2679 1079 1393 3280 2412 1196 783 484 1474 1828 2574 1878 2245 859 1563 792 135 2163 436 2001 1827 831 1571 2639 264 2987 2473 128 165 1496 1296 2724 916 1219 855 673 2040 950 1139 504 3266 2020 769 1838 1863 112 2254 1526 1927 3106 235 603 2311 1344 2766 3279 2278 32 797 1056 641 2852 1040 1053 3046 1666 820 314 3208
522 465 1786 3140 710 2027 2149 1911 2390 2138 2858 1721 2357 303 2368 2277 478 1812 1674 2517 114 1913 3096 2268 365 784 2423 946 1016 2093 2122 2769 464 2925 255 1053 2857 913 231 3119 1632 823 1107 2164 2883 469 56 1446 545 1700 433 2349 2689 1369 1603 267 2183 1390 2770 396 1819 1059 1879 372 1304 2177 1549 2112 3311 2153 415 2524 1923 348 432 1933 2267 1689 310 1100 698 197 2430 3094 1119 478 870 2985 2576 2309 2691 2873 590 1296 1119 2194 854 2802 1183 1060 453 1327 1167 318 1542 102 1226 2894 2922 1846 318 603 1711 169 3176 2896 1798 200 3103 3098 2171 1237 314 2364 2552 455 3282 879
1988 2601 2794 2595 116 4 1312 3122 283 2009 117 3300 2929 794 2146 2247 1473 781 1519 573 869 2346 2063 2036 956 324 2882 1936 1249 1257 3130 2131 958 2248 2190 2524 2616 2531 2852 651 1814 796 415 1487 2976 2216 1882 1645 5 82 1914 2268 3208 1806 2718 709 1564 178 2786 1944 285 1974 1376 1485 222 16 2910 430 28 2177 2670 352 1620 2935 242 1644 96 217 1908 1 1903 1207 2931 1724 1576 3179 62 586 2642 1181 2779 1706 2461 1665 1075 28 1114 3238 270 480 3083 564 2063 1958 2782 445 3062 683 1983 2755 3262 1599 1503 1863 103 3122 2675 216 2903 2623 871 2831 375 1222 2968 491 569 2830
2407 167 2496 2450 2195 2681 936 874 2543 454 3308 2597 283 985 1739 2810 1513 1922 364 1136 1321 871 301 143 2671 1834 3197 551 407 2422 1841 2454 838 1691 2917 1844 2677 2738 1165 1719 905 654 3117 940 1676 3232 36 937 2903 1413 2239 2864 1221 1964 2533 95 1656 1715 981 552 1000 1149 2818 1528 533 2121 1308 3317 233 1487 26 1006 1224 1175 52 807 2155 337 632 3095 25 3148 1457 3155 1751 1029 1889 1933 1245 3119 1329 120 215 3079 1002 3111 2577 286 2016 1207 2181 2918 2540 22 1757 85 355 245 734 2628 2792 559 732 2592 1885 1603 346 961 33 1480 706 577 1683 2829 57 547 1600 304
2423 283 1255 1315 571 165 2023 895 2485 3059 1062 2714 2171 1715 126 2347 2053 665 12 3212 950 3207 921 1605 1561 1360 2398 3 1380 1556 484 1685 3178 869 1917 3130 137 1059 59 1595 1316 3163 2055 566 1943 2369 2457 1393 2137 1307 770 2207 3149 1317 1084 1681 647 2532 1408 1932 2479 857 719 2037 1441 3183 2766 475 2270 1452 725 1678 2752 145 2862 2329 1296 1286 262 172 70 622 931 2580 1199 924 1756 2799 3263 883 2841 296 1023 1930 2104 1183 2570 2537 1258 1412 1675 125 1255 1777 1175 60 645 2240 1806 3224 1740 187 814 843 1007 1566 484 1885 2612 247 2090 3171 428 2924 1627 2309 853 2616
1001 2339 958 807 2343 2338 18 291 1554 2456 1349 2098 1512 2541 967 623 1263 275 1016 1401 3185 1898 2522 3063 484 2214 64 1818 1118 2158 1796 2789 472 2200 2337 3186 39 759 1998 749 371 610 310 3191 1841 768 1526 110 143 1949 1293 2306 307 3027 1387 1850 1394 1136 158 3321 1126 2790 521 416 1378 49 290 1990 3133 2016 190 2375 1535 430 243 2132 3046 2033 2216 1082 1674 3136 3300 842 2151 1351 2246 2760 1118 776 2134 3283 1533 2204 279 1299 1883 1524 578 1392 2325 1159 1221 2229 2264 1992 2976 2568 2090 67 47 1734 2646 2800 222 1188 1472 316 2689 2571 8 3235 1600 1362 3071 442 2654 2742
265 2964 1185 2542 3071 2837 2470 1547 17 1534 490 1139 2335 2230 2525 2288 2777 1271 338 771 137 619 1043 2802 2189 393 2386 1583 560 1643 1054 2525 1359 1099 1874 1978 751 2042 228 1770 2903 1389 1917 2124 1601 1199 271 1087 546 973 1557 2196 3035 1115 2392 112 1329 2370 2947 2851 2104 351 1803 727 1657 2420 248 411 1632 338 2312 2751 2397 2480 684 497 421 880 1011 3225 3087 2618 1592 3090 1226 2365 950 1393 2950 3189 775 2303 1389 2009 249 96 883 3107 2399 1734 3297 2450 2359 2589 991 2760 1780 662 1422 3094 763 2992 105 1513 3310 1932 528 2821 1686 1232 2313 1584 1820 1679 2904 2104 1680 2239
90 182 2543 33 827 435 1511 907 235 1497 1429 1280 1671 21 2071 1542 452 335 155 1127 2588 1559 570 2009 60 179 3298 2267 924 1927 1074 1829 2031 383 933 2915 2729 2516 1617 2406 2962 2918 718 834 1814 1750 3326 3029 3261 1512 280 3228 2341 1927 1471 2581 1434 2952 199 1676 670 23 561 2570 3296 2628 1832 2797 1937 2743 2734 653 1744 996 1063 189 1917 3238 1116 1427 3115 576 2969 1344 2315 543 579 2657 415 996 788 480 1716 3211 721 3093 1700 2815 630 990 604 1496 1170 816 2325 603 2124 1132 609 1790 944 116 2687 541 3095 999 2843 1441 2971 2731 2614 2481 1561 1924 2587 1966 1733 2981
2106 2701 839 2598 1729 1529 3190 318 725 2559 2988 677 1810 2140 1562 2012 1189 2972 3254 1436 378 1084 2288 2057 2665 1450 1414 2431 3080 3122 1811 191 2685 181 1261 1408 947 2562 2128 922 1126 3079 184 1400 3142 792 3260 800 2489 2070 261 3160 2650 25 2677 1729 2935 1957 2738 1387 875 1262 1496 2955 2800 2293 1310 1572 1472 2792 2113 16 3188 2387 701 1179 2073 2271 238 1372 946 2416 2493 1184 614 890 243 2399 587 2028 366 509 1222 2000 1379 2584 955 671 958 1752 751 624 1116 2018 2353 1796 2649 2357 396 933 122 1073 1085 278 2903 275 1933 847 2709 2692 1419 2449 2879 1362 292 1293 1711 1498
3210 265 271 1230 781 1123 127 646 1461 870 2127 302 2405 1768 3061 1584 2807 1230 161 2546 913 2778 413 2404 1547 1079 1706 1348 1946 1348 1360 1375 618 198 96 2959 588 517 2306 907 2356 948 1219 0 854 652 1716 453 2584 746 1995 2437 285 2755 3242 1229 891 124 509 997 2705 603 500 413 2082 941 2871 1584 563 139 2837 1299 1520 2626 1854 318 639 3285 2942 2449 3222 462 3089 1486 1789 979 2695 882 161 1935 889 631 557 2561 271 996 676 2731 401 1708 1791 1745 2166 2893 464 280 2372 1416 2901 1030 1970 2466 882 1174 825 2641 1846 2253 3095 3172 1377 2545 2114 3004 447 1196 1414 3208
1904 2530 1323 339 2232 3179 109 1847 1020 2650 1221 3153 3167 1482 1315 1607 3053 2017 2166 2461 2468 1075 2199 899 2035 2864 3177 1116 668 545 177 1151 2460 415 1860 492 2924 1797 3046 159 539 1646 1491 3264 1989 790 861 965 3078 1235 3037 2174 3291 2413 355 2820 1179 1704 1721 2380 1460 2133 1747 1391 1405 3162 2742 2712 2432 3258 1117 525 2912 539 3083 771 1790 435 1080 1679 1468 1744 1255 128 2152 61 2283 538 1545 2650 765 778 448 696 1523 2007 1684 1707 868 3261 1713 2757 1195 3226 2587 410 1878 2098 123 1728 2373 3075 1849 315 2361 903 662 407 1159 2473 3074 468 3316 310 2434 166 1708 2262
3097 987 162 1046 2538 1329 2347 825 3254 2960 163 2144 2390 291 1126 751 952 1581 1592 2700 1376 2917 3032 345 3086 2613 3020 1273 312 153 2757 715 2287 500 3167 3030 469 900 3303 2783 2401 2066 3295 1848 3140 3049 3121 2204 2333 3128 2984 1836 707 1738 1301 2145 1504 2190 2065 205 2569 2660 3263 170 1794 2874 614 1346 1988 1234 2420 2138 1494 2087 1584 1289 1586 862 174 620 2265 3000 424 3151 1754 166 1364 2551 2359 344 797 105 414 2950 1822 1507 2685 218 275 3252 3160 1371 2700 2260 1612 830 973 2021 532 1546 1855 3085 1560 1999 2931 2431 2004 2907 38 1083 3102 639 3246 1208 2670 2555 2502 1480
370 1993 2087 2750 1808 1318 801 650 3165 2814 2405 759 181 2404 607 574 707 72 1410 3237 1629 1849 3087 2237 1798 2443 1250 3260 1634 3201 1340 1954 902 906 1878 835 452 1489 2326 1744 1644 1569 794 3204 825 1223 2018 1270 2535 2315 3069 1455 1075 1250 449 2675 639 3246 3254 1519 269 2090 152 216 2664 807 2096 3152 417 3296 2258 950 155 1669 2423 2810 1706 511 2352 2834 1001 1533 59 3248 438 2705 2591 1352 1731 333 198 1308 1062 2096 385 2462 881 1240 2456 1295 2151 947 2293 2169 699 3318 1231 240 1963 1711 1346 646 781 59 3161 1779 1831 2565 561 87 2390 1111 2290 743 3108 1020 1558 742
321 1296 2760 5 698 1801 696 3081 1535 803 2166 717 3042 1380 310 371 2785 3140 1203 1920 597 623 6 1860 654 1001 836 2320 1290 42 2438 1570 1399 3215 921 2868 840 2599 3121 2391 1871 795 2384 734 1692 268 1127 1856 2746 1261 39 1476 1220 1822 2162 2589 2585 346 1367 1816 2496 1674 679 581 2985 489 1962 1251 855 1359 3047 307 2872 559 3190 655 809 3177 1512 2716 3078 939 1350 519 1248 2919 1576 1844 974 2838 1099 1483 2095 1720 1026 655 1296 1232 1465 606 169 764 555 3145 2843 3263 860 2778 1558 1860 3077 583 250 2184 172 1462 2538 1866 2137 3321 2801 2872 606 1793 272 2506 292 3238
1011 3265 388 3206 1281 272 3256 3038 572 2517 836 1751 1647 577 99 909 2248 1534 94 1313 126 44 1051 2122 3059 2462 1865 2546 938 830 382 975 573 2924 2541 2253 757 2050 1414 386 309 1428 3157 2311 550 2860 2343 2169 1469 3231 150 1552 3277 1045 819 2923 2388 254 2303 1675 1202 1463 2953 2619 2733 202 1988 1099 1353 155 1080 214 3181 467 2200 1168 2872 1382 3036 2635 3259 2970 663 814 1070 1514 2776 2961 386 113 615 2577 3235 1128 552 1028 2531 3096 2141 2636 2597 1440 1447 1539 1437 1912 2385 2159 1677 1203 932 1186 916 562 711 2362 18 1688 681 1289 1899 1372 2733 1006 1914 2753 404 1105
1524 2644 3035 2538 825 1607 1308 2196 2210 2311 3199 2951 187 579 197 2323 1762 755 3017 935 2520 858 1742 2579 3327 3272 2244 1832 2744 2559 373 2134 2171 3071 3302 1631 1990 2947 349 3316 2135 358 2977 3225 563 1779 2131 2169 2157 3090 1702 2020 566 1785 1687 1039 999 1637 3314 1415 1493 474 1028 3219 504 1213 2310 413 1660 650 90 3145 3304 267 1306 1348 2848 180 1834 814 1355 2227 1927 2469 2930 2310 3278 1820 2849 463 2934 3135 2330 3106 1367 3017 1471 2364 400 2254 2678 1566 186 552 722 1654 2058 1480 591 2721 1925 2550 2075 2061 1603 2813 2677 2238 1863 1200 622 127 3018 2821 1320 86 2149 1891
1008 1457 1635 1575 425 3054 360 1152 193 1308 3115 3157 991 1887 716 3285 3094 1405 1772 899 116 730 2944 1459 1198 73 1485 3120 25 996 2411 2865 2466 191 1010 3026 2686 1008 749 724 1952 1936 752 2111 2204 51 3286 2474 2112 2543 1842 414 1442 466 2470 975 426 993 3249 1263 1934 2271 1226 613 1037 2580 2909 2095 2103 51 628 2481 1892 3217 2703 1111 1662 3077 1978 2480 3294 2524 1550 2097 158 1599 160 212 1026 3245 656 2655 3303 2711 2320 595 1943 1405 3147 2879 1558 2312 1430 3080 788 5 3242 3047 524 566 2059 2961 1405 2806 2457 523 1303 618 2411 1098 156 2670 2182 1858 2126 511 2674 1282
3080 3149 2206 1863 2706 1692 2900 2326 200 1152 40 1085 1990 270 1354 1984 1343 159 3168 445 643 1325 1273 325 2204 3184 624 1609 2806 364 993 1854 3195 203 604 1656 809 1176 3122 1528 2001 1667 1841 1011 1105 690 2190 688 2412 3185 2795 1177 1676 2750 1956 1532 1047 304 1584 1734 1200 2279 2362 2767 2636 494 2283 3048 2688 3308 2948 1691 538 3273 1133 303 1088 2368 770 1575 2285 262 3216 1468 2943 1037 2158 2428 1925 550 3003 2674 20 1440 395 2365 183 481 202 2145 182 1492 3038 1655 2736 277 1127 1891 7 1232 879 1136 2352 1987 431 1287 3089 2519 1365 484 2080 1966 919 1133 1394 2833 785 2993
1562 1802 2893 2219 2062 2511 1428 2394 2620 2081 3189 2655 2321 2747 2776 3294 1152 2175 864 3229 1106 566 53 1155 1019 911 1454 119 2962 1691 231 3292 1652 1829 1224 2649 2263 1558 2114 803 1007 186 444 847 2849 1474 3039 2348 1306 2194 2480 1280 2025 809 2066 1840 704 2968 690 124 3201 2621 1843 2560 2714 1181 2613 2392 430 559 3113 2524 1889 2812 2389 22 1941 1130 404 2139 2233 2394 2077 392 1652 835 2737 2302 1758 1523 1641 3117 2641 945 2044 340 752 1896 2219 611 2370 194 2731 2158 2471 2663 217 3079 3228 2656 3159 1781 1602 682 3135 2167 106 2305 2185 542 1214 1771 889 2179 1738 3226 667 1293
3295 3208 2294 1180 2740 2747 578 284 2612 359 2895 2419 2202 3166 1211 2939 1485 2352 2900 1137 1281 1388 1146 3234 2586 2376 2659 439 683 2073 2201 2543 1330 677 2218 1065 1440 753 1428 329 2503 226 1010 815 1785 205 2870 1615 916 529 1794 2946 602 2158 3132 2421 2153 2611 643 1677 2577 2870 1588 1815 1096 167 2811 1733 1034 505 2219 1880 3205 3275 482 2452 3221 1213 3134 1915 2528 446 214 2030 1433 3267 238 1226 397 1526 505 701 792 3284 1782 1283 3299 1497 760 995 1523 2712 198 210 1515 1006 1445 34 1231 1017 1002 2410 543 3001 2567 291 895 2220 1970 1638 2334 1895 3328 1611 975 1998 1233 1456
111 3189 165 1714 2973 2263 734 2878 925 3041 1828 1435 2963 2325 2207 384 1457 907 1031 2466 1073 2289 2030 2550 1007 800 234 459 1378 2253 864 507 2054 2364 2264 2788 1498 2998 630 674 1508 2727 2730 1070 339 2660 535 759 581 3110 859 1198 656 1003 1942 2456 2121 2871 2853 162 1165 2552 3102 1235 1891 1885 903 2285 2195 3281 1066 3077 2369 16 2712 2831 1100 3204 1568 651 2290 935 1727 1420 1081 2354 2673 2371 782 476 407 714 219 1509 2834 2014 3025 1466 2718 458 2000 3187 409 2051 2232 2771 605 1031 897 634 1373 536 637 688 3086 3011 1734 262 2629 2566 3040 2911 1129 2760 2885 818 3312 2971
266 2550 2173 820 1201 2641 1969 1666 638 2253 2432 1829 2651 1568 1085 698 1370 3080 2949 702 302 2817 1541 2155 1249 1895 1035 1296 945 195 434 3193 225 2660 626 726 316 1114 2044 1909 686 2815 3079 3114 3284 1162 2087 1478 719 765 913 2821 1241 1827 1201 600 92 2141 1489 1693 2812 1258 276 2196 313 3122 2738 2977 1449 2104 2115 1467 2142 3242 2525 774 1477 349 1249 2730 450 3042 3114 1954 2784 1763 3183 878 3139 584 2784 1639 1236 1741 1077 1764 908 1304 667 1818 1118 1827 2688 706 2052 11 2874 1858 1892 1025 2413 459 1202 2054 1361 718 2356 713 26 1899 1066 3009 2551 866 947 2536 354 1287
156 1868 1536 2844 995 2961 755 2482 421 1066 1827 2840 2616 2787 2641 2713 1671 2131 1412 2058 941 660 1504 1335 1940 3279 2714 1894 3321 3217 1102 2320 754 1404 1343 2584 1296 699 3035 140 2054 2814 1919 3178 1448 134 2682 3258 1565 2466 366 1776 1772 284 1085 323 3095 3307 996 322 3204 1263 192 2465 2418 2674 987 3188 126 2683 1008 868 1127 547 607 2558 3150 2854 884 2569 2339 2299 1173 1371 2447 2316 1946 3286 366 363 1718 3281 3287 444 209 939 1641 2833 957 3324 2072 3048 1740 1588 2455 1469 2159 2612 2879 2083 1635 1033 1945 2744 1534 1798 134 2974 272 2055 1715 2965 1146 2422 1430 2207 2013 545
1240 2445 3244 3324 2541 998 1178 3005 1241 2303 1328 2611 2766 1905 3316 1175 2003 2981 2070 2865 1574 138 2647 1123 2809 663 869 3307 567 2983 2337 679 2644 1137 1245 2646 1293 1478 2767 3112 407 1160 2679 2862 2506 1031 3233 385 1965 666 3086 3320 3311 1348 1843 1276 175 2200 2370 2598 362 219 1361 2301 1247 110 2257 940 2580 1723 3019 442 2217 1279 1765 626 1185 1154 1262 458 2766 647 3125 1339 1398 810 2363 3246 1072 1357 2322 627 2126 1237 620 2987 925 1293 2782 1943 2026 555 2429 315 3015 2503 1437 2437 1745 2279 700 2085 575 447 2161 2932 469 1920 1629 2254 181 3276 3280 2106 2931 919 869 1650
1630 2147 2064 2179 3065 1683 1304 2896 127 1015 863 2054 2491 1051 2647 79 1506 421 343 3298 2891 1759 1718 1994 1588 1107 148 3292 214 924 2396 880 1744 1328 895 3092 303 1649 117 1156 2063 1499 439 2469 2884 1488 1984 12 2632 1507 426 234 218 1926 2100 2461 2625 1587 217 2098 809 540 1775 3164 1438 1902 1690 3271 425 284 2559 3154 1712 1992 1083 487 2113 2057 2923 764 203 909 1938 100 2549 384 4 2583 1041 1183 1029 2904 62 50 2059 2094 59 1436 1239 1177 2464 1986 2447 1962 3034 974 1019 2678 1424 1385 368 1372 2982 484 182 2483 2490 1905 1805 3183 1069 2138 1084 1410 2749 2665 2887 2980
2805 426 70 2420 2423 2458 506 1694 1694 2977 3034 1924 153 2891 2906 807 2505 1287 2182 2807 2053 679 1945 1758 307 464 2529 2491 2561 173 417 667 254 652 1235 1924 3257 3254 2919 1734 2343 2563 846 2661 2860 1089 454 1870 3117 530 684 811 2058 1263 3291 1092 219 453 3222 2014 1543 2366 515 3206 1344 2883 2437 1726 1182 2864 1443 2063 1425 2755 1139 1007 2253 113 1796 854 3184 1136 2251 3233 1198 1790 752 621 1606 316 677 1071 1466 3020 893 2403 2156 2768 803 2303 849 1107 493 490 2005 1191 109 2702 2380 1538 2723 3016 1298 1040 411 1947 52 196 1066 1184 917 1996 1810 681 2159 2990 339 1901
2394 908 1225 3322 125 94 2532 395 3263 1456 1243 472 1039 586 982 997 323 735 1306 2095 81 941 1193 1447 1709 2539 1332 578 65 2818 2442 1884 3071 3278 2339 391 2864 2617 789 2587 2001 652 970 1149 2161 396 3114 2192 791 3104 2438 439 1647 2660 2407 2158 2470 2027 2286 2666 211 2818 499 2741 1471 1189 2946 2903 1209 2535 1074 2855 1468 1485 2692 255 2131 1066 686 2089 1982 772 3055 83 2605 2248 806 1445 582 1137 991 3246 3098 333 2612 800 3160 118 1761 3129 1921 1080 1766 3112 1145 906 3167 1344 1779 153 2771 2945 2705 950 2117 104 1066 2472 2385 1831 1963 606 2164 985 3126 3185 3085 2891
1002 95 1276 2402 55 2458 1348 1325 2329 491 288 1277 591 895 186 3188 2884 1595 2169 217 1523 1574 1362 584 2466 2327 2744 2370 2774 357 2606 3225 1474 363 453 293 179 1732 2137 1757 883 3180 1451 869 2279 2132 2281 175 2190 1221 1368 1070 1499 1602 168 112 3295 550 892 1875 1930 3231 2333 546 344 642 2920 3303 1274 1113 1151 668 1812 3251 1522 1937 1018 2897 3093 2957 2770 2023 1171 2812 2815 2819 768 1260 618 2562 251 2258 2762 1480 2035 1573 1977 1301 203 3252 2631 2916 1639 2854 546 2560 2541 418 2591 791 2288 169 2271 3100 199 2441 2311 898 2930 2439 364 18 1822 3019 2964 2989 1358 3010
1635 1701 2754 1143 3167 1393 2209 2268 957 893 2087 1013 1535 1646 346 462 1342 1951 1480 979 649 2168 1867 1399 815 1147 1142 1632 14 3222 2517 659 1552 2682 2920 581 686 54 1236 1471 2294 687 2547 2443 2453 1768 900 999 2961 318 233 2620 2897 2010 1972 1118 475 2496 702 2759 3212 686 2852 1601 2840 1754 950 362 147 1778 664 2455 1670 912 3135 2658 2094 1025 2493 2993 8 2813 1265 1329 1366 377 2295 2715 2787 2688 2112 140 2897 1153 2082 1902 2914 3055 638 3239 2867 2616 267 2703 467 156 2086 1349 2740 2117 2571 1403 971 3317 2727 1584 996 3112 1756 1068 1558 827 2098 531 1055 2366 184 372
1026 1296 2194 3 176 2682 2149 823 937 720 994 1724 2794 2976 1447 1975 1233 11 1269 3137 1564 1548 668 1620 1089 3260 678 570 1148 3274 1875 2174 355 2403 1330 277 1281 806 1087 2978 2787 859 2354 865 2685 1206 2501 1897 1907 2597 1218 994 1946 2209 2888 660 2078 1785 547 2091 982 1017 1416 636 2842 1400 685 879 292 2321 1532 1050 2605 821 1386 1219 2892 2228 595 1207 2209 1052 3128 501 2389 18 1198 1622 2092 1414 1999 2742 276 526 3270 1529 1444 2828 2531 354 1796 743 373 1030 104 1383 3304 1016 2745 1244 1371 282 1726 2089 2922 1388 705 976 1434 2455 3004 864 2169 1998 1599 1221 2011 3052
2435 2326 1345 1703 483 164 2064 3037 688 1930 389 2988 754 1074 2509 2005 982 291 414 2831 1514 2470 2383 1970 2677 423 386 383 1611 1564 366 2052 604 2067 1473 190 1813 3271 3179 2311 1095 2773 1245 2795 3133 2523 3235 2859 2105 2504 149 1625 778 1236 2597 1320 1085 1551 2449 1767 543 2508 2333 1458 1083 1505 1624 72 3210 64 1107 2351 843 1743 1908 448 1495 1483 1790 2529 1572 442 2542 1573 218 668 332 116 662 321 1881 798 3139 2845 358 2446 417 826 1909 1709 2880 1968 2807 1412 3132 4 1449 1298 1920 343 2892 435 215 2012 2754 1901 1243 568 2628 846 1638 1238 3022 1378 2640 3153 1036 774
3113 1264 1814 1138 825 1036 848 936 2985 2420 3269 769 619 48 2126 2692 3119 2252 1944 2984 3137 560 3234 2404 1643 925 635 2244 2991 1856 3087 1738 1726 947 2987 592 2061 1921 2796 2263 406 354 3190 1176 2965 2466 3030 125 2931 2058 2270 2483 2597 1922 2195 1087 3111 2720 1411 910 535 678 1993 272 2428 2755 3325 1332 1368 1844 343 220 2998 2886 465 276 3029 2110 2658 1873 2512 3076 1710 953 2023 283 1446 1860 1946 1276 142 1119 1919 1097 961 1207 671 3164 2941 3314 2518 2523 534 3293 1277 148 1388 1470 2711 2964 2414 2760 2753 1077 2848 1988 2470 2381 2004 3250 3076 1212 1452 2562 3051 2138 2697 994
852 946 1434 3100 3290 2256 848 345 2146 1638 868 1169 2050 351 2679 2614 263 1161 2290 451 1399 2267 774 207 1551 2920 1392 3199 2424 2362 192 1194 324 208 2166 3255 1709 2042 2486 1418 2885 978 766 1170 2799 210 3190 3097 1435 2024 331 2860 2319 3296 2386 175 3016 1759 3235 1965 1849 2334 3063 914 436 2637 1520 2766 1272 1366 2931 306 464 564 1416 2363 419 3278 259 1165 1789 1166 2545 1484 2328 2463 2494 3319 2187 2010 766 229 973 788 1794 2953 3237 307 418 1579 2740 2513 3053 1682 1770 3095 971 3191 1354 2353 3074 1318 2955 2035 2073 2706 63 112 1395 3160 1029 3301 1431 97 1768 3136 2966 911
2378 3225 515 2878 3053 1952 324 215 239 209 3307 3123 168 2263 484 487 2553 3105 402 411 2193 2375 2858 1080 786 2716 3133 2433 457 2343 1033 3075 584 2272 2085 1331 2733 482 40 567 1457 174 1652 891 409 801 933 37 150 2898 908 2188 721 1090 2804 1533 2447 1200 444 1092 2633 285 3069 1240 1600 101 596 2144 534 2338 2708 3149 1644 1756 1252 2824 2253 2452 101 1301 2057 2707 1106 797 2740 998 1302 1862 3124 1838 724 2448 748 3070 3315 2011 2429 2049 650 3318 2416 1946 2921 2020 2449 701 1253 2274 2450 1903 2835 2556 1985 753 2943 1664 1512 875 246 2336 1185 246 1910 3285 1455 1767 1789 814
253 1504 2002 1064 2132 983 2860 2151 451 3036 352 685 765 1278 2028 2334 3286 822 2094 2993 1971 1493 1833 850 3238 689 2754 2719 1378 2832 1446 2597 730 920 1164 3099 2416 2062 965 1291 2081 2374 452 2493 2245 219 1309 670 2310 1657 1787 2535 3297 2457 560 763 655 325 1345 3235 130 3117 57 502 1870 2964 2426 2396 3092 1159 3289 901 923 2657 1007 145 1455 801 941 710 199 230 141 582 990 2189 1981 121 2192 2482 1574 1578 142 1139 3156 2214 2774 854 356 1977 2615 28 3189 2626 3024 2552 2526 2038 1083 1191 1594 3080 3142 340 2244 2628 1178 625 2296 474 1607 2334 831 2413 684 154 2960 1124
3312 64 449 652 495 2979 834 1224 164 154 1177 3052 2539 2258 1479 451 2269 2848 2363 423 2305 3269 463 616 295 1700 1921 600 3177 1494 2678 2584 1984 616 2025 1079 1228 2118 1241 1477 1093 1556 218 1782 2543 2525 2212 450 1223 558 2167 641 482 1026 1265 2377 544 1001 77 731 2666 778 95 2707 2551 1442 37 1924 1956 2139 955 2800 1126 1978 850 2998 570 35 3282 3287 1536 407 371 1350 502 382 798 2465 2277 1162 360 1448 1324 644 2312 1618 2614 1562 2838 326 2053 1697 1273 3235 1039 2051 1610 2108 1599 1040 263 2092 2876 279 1165 1924 1801 1620 2653 864 347 2126 87 889 3047 2198 1737 946
16 109 639 232 2588 3103 3243 374 581 2387 2275 3183 1208 1257 2895 1953 2137 148 2715 1443 2640 3 475 711 2293 3309 1772 2486 1615 1045 1806 2191 234 1023 1458 1721 1077 1779 279 1519 394 740 341 1756 2494 2120 2874 427 2534 3204 2937 2578 2455 3192 117 2410 1078 32 487 2218 1629 3311 1999 1995 2477 173 1301 2416 2006 2076 1724 2989 581 413 2698 2867 2983 2421 1430 1264 1014 1376 1070 2775 2533 1273 367 1770 1915 2198 1355 2795 2741 1672 1588 385 1539 539 1265 88 2936 660 163 481 1756 1481 2457 1706 3166 422 3320 2042 2363 3259 2595 1656 608 806 2797 2130 1280 2924 660 372 2649 750 2669 491
2033 1989 2785 2842 3045 733 785 1205 1024 3251 1621 2354 944 510 2060 392 1602 3311 868 1574 3234 2815 2066 884 3266 2220 43 77 3288 697 2381 1744 1629 196 88 1380 2083 119 1574 2154 2511 2885 196 1906 1247 1720 470 3135 1970 2017 257 1848 3206 2809 1046 1694 2644 2843 1290 3082 1571 2004 2195 403 22 3068 285 2152 2239 2249 2673 68 1521 1101 2287 1394 2173 1865 214 732 1839 1727 1643 217 2120 2582 2736 2109 3201 193 919 248 2989 301 631 91 2308 3245 1133 2057 341 191 1956 2486 2178 74 2032 1431 292 2509 1487 600 3103 510 2441 1615 2605 1253 1400 1056 2464 646 957 1485 2664 1852 3160 1059
