12
-33
-15
-1
13
45
0
-6
18
-8
-3
-45
2
57
7
-16
3
8
-30
-9
6
-38
23
-28
42
-24
-10
11
17
-5
19
29
7
-28
-39
-17
47
15
-28
11
23
-11
26
-14
23
29
-8
35
5
16
18
-45
-10
8
17
1
9
-20
-47
-25
10
-9
28
30
9
-3
5
51
27
-19
1
-5
-43
-32
11
7
-12
11
-8
1
38
-13
22
39
14
6
5
-2
3
29
-19
-35
-14
31
24
48
45
2
-33
3
-39
4
-16
-46
10
54
0
-55
24
33
-2
-4
-33
23
-18
-3
40
0
-4
4
-9
-11
6
10
1
7
-9
14
-7
41
37
-5
1
13
39
20
-1
46
10
-4
6
13
-7
-28
21
29
23
45
30
-3
1
7
2
11
4
-18
16
-22
22
-45
-9
-14
-5
14
24
20
1
-16
33
29
30
14
20
-15
-1
23
15
7
11
-11
-7
27
29
32
-20
52
19
-12
-5
9
-2
27
28
7
11
25
-24
32
20
6
-16
10
45
-12
-4
28
19
12
-12
35
10
31
38
14
-9
15
34
13
9
-15
-11
-21
10
16
20
26
23
12
-11
10
15
41
-21
6
48
23
2
26
-17
-35
39
-27
-4
23
8
32
-5
11
-11
24
19
-12
-1
-24
-16
4
18
39
8
-31
3
-48
23
-1
-6
-2
6
-34
3
26
-33
12
23
41
13
75
42
50
2
14
27
7
9
44
-2
28
9
21
40
-12
-23
-13
13
50
15
13
8
5
4
-25
-33
-44
-11
33
12
-11
8
-28
21
13
32
-6
55
2
-17
-30
18
19
-3
-1
24
16
21
-32
11
-14
34
-12
-6
18
-17
28
-25
40
10
6
24
7
0
-49
4
58
-4
-11
27
24
71
0
15
18
-3
-1
30
-5
24
-27
-11
0
16
-22
9
1
-17
17
-31
31
24
20
-7
-65
11
18
-9
-17
-8
-11
11
0
26
47
42
21
3
32
9
-19
18
-9
-14
33
35
15
23
29
-5
-34
13
43
-42
-20
58
38
48
-4
-33
40
19
25
-47
4
10
45
-3
34
-9
43
-5
2
19
24
49
28
-12
22
-31
21
15
7
8
14
-8
-3
26
-12
13
5
18
55
3
8
34
-13
-12
24
24
-7
19
73
-26
-32
-13
71
-28
6
17
11
-10
-14
-11
0
15
-47
9
-12
5
19
41
19
0
41
-3
44
12
-24
-19
27
0
7
-26
-23
4
13
35
8
0
9
13
54
-10
-16
-3
-43
11
-13
-20
-19
39
6
11
-14
25
-17
-19
32
-10
60
35
-4
17
14
41
3
1
-21
6
16
-4
-1
-44
-1
8
-19
7
-15
-14
-34
-34
27
-38
42
2
29
21
42
0
12
5
-3
7
-2
8
-11
19
-20
-24
9
10
32
33
57
25
10
9
25
22
59
-37
33
-1
-15
-3
26
17
16
25
-6
39
10
12
16
-10
-3
-15
4
27
-19
5
-8
55
-4
27
-13
14
-11
10
-23
25
-44
0
37
27
62
-12
45
-11
-1
-8
-50
-11
20
14
-11
7
5
36
25
2
9
41
-25
6
10
16
26
-24
25
-21
12
-10
-22
-13
35
14
-11
-2
26
15
10
7
-1
-19
28
11
25
-7
21
-15
7
42
22
-6
-47
24
-34
-1
5
28
-13
-11
-10
-17
21
23
-11
-2
16
2
-53
-23
0
14
31
26
7
16
8
5
11
15
43
6
15
7
14
12
-44
14
36
7
-7
-6
-14
-4
-31
-21
-13
-5
-34
21
51
1
-28
38
-29
7
32
31
6
-3
-33
1
4
-10
31
19
15
32
-5
21
-3
26
31
13
-28
-45
55
5
5
-13
34
40
36
37
-24
11
-26
-38
33
-48
3
55
7
-11
-30
38
-12
-38
-16
-17
41
20
11
23
-23
5
21
5
16
9
13
34
-14
62
19
7
-8
31
-21
10
52
10
40
-11
51
27
20
35
39
35
6
33
-12
7
-12
25
28
-8
12
-3
3
6
-4
6
14
-8
4
-23
20
-36
-19
1
-34
-11
15
10
23
53
3
24
29
7
8
2
19
11
18
-30
-21
19
-10
12
29
-18
14
12
3
2
26
-6
-18
-22
9
-11
-32
-26
50
10
-22
26
-9
30
32
15
-5
56
48
-35
-37
-3
-1
26
18
25
1
37
7
-17
12
42
-13
3
25
-21
23
-13
31
20
21
10
9
14
27
14
7
-8
-27
10
29
-50
8
34
58
-22
-7
-33
30
-6
20
-1
-10
30
14
9
-17
-17
-18
39
2
-2
10
43
-12
-4
2
2
-8
23
50
-4
-15
-7
5
17
31
25
5
-35
15
8
19
-31
9
55
-17
-1
22
18
1
-13
5
-27
37
60
13
-22
-5
9
-8
-20
28
15
50
3
-20
5
-57
-36
31
-19
-9
1
14
-22
-15
36
6
-16
14
7
1
14
-23
-12
44
-2
-22
17
27
21
12
-39
12
-17
6
-14
23
18
-26
10
54
30
-38
-30
2
20
37
5
2
0
-32
24
-36
13
-29
58
-23
-5
31
25
0
-4
29
19
-22
-6
-33
19
3
-19
-24
-12
3
34
-11
14
7
-2
23
23
-1
0
9
-17
-11
13
22
-8
32
9
3
-5
-26
-12
28
-4
38
31
-16
21
-31
-11
-18
-6
-2
13
-31
-7
-21
-20
43
-11
8
-5
-1
-12
28
12
-2
-4
-19
-18
-14
17
10
3
60
8
15
25
21
31
22
29
-22
5
-10
16
32
4
-2
3
26
34
18
19
-30
34
3
38
50
0
-16
-15
-43
-5
7
22
6
-1
-15
-20
1
26
18
-26
23
0
45
-5
9
-30
1
50
-28
22
-13
19
30
20
16
0
-6
-11
-28
-3
-19
41
23
-28
50
-13
31
-1
24
-5
-20
9
-41
3
5
14
-19
3
29
6
-40
3
0
-3
11
-49
-17
25
-19
8
-17
4
-11
34
35
9
-28
4
-17
31
-23
-15
-34
-22
11
-23
-2
12
-14
14
-12
-57
-8
-6
21
8
20
-10
8
-20
13
0
11
-4
22
18
31
36
-8
5
-24
27
28
32
39
12
54
-19
-6
-26
-9
40
11
39
-6
-4
42
-8
21
17
-14
53
22
9
1
-2
-6
-64
-58
65
-14
17
1
29
22
-34
23
3
-4
11
13
26
18
-28
-7
28
-8
36
19
2
0
22
27
-15
-70
23
37
-35
11
13
29
16
2
45
27
10
25
20
-23
17
36
39
18
22
4
28
15
-17
-4
27
-6
32
0
-42
-40
-47
38
-21
-23
28
14
-24
7
-23
0
-37
-37
-32
-8
-28
19
15
9
-7
45
30
52
31
28
13
33
7
36
41
16
-4
17
52
-40
13
22
28
-10
35
58
-31
12
16
25
11
-12
6
22
22
-7
9
11
37
0
13
10
-9
10
-2
36
34
35
56
25
-7
-28
-14
12
22
13
20
10
-35
-50
0
37
-47
46
16
-20
37
10
-23
-38
37
1
-6
-21
10
9
25
-2
-6
19
7
-11
-20
13
-5
-28
-29
17
-23
-21
-1
-12
1
26
-36
7
-4
17
1
14
-57
-20
-33
4
-41
-28
-12
-39
9
47
5
51
20
0
27
-27
41
-12
14
-2
14
-1
-76
6
-38
30
-10
40
7
13
18
16
-49
-13
-10
-8
34
9
-27
-5
33
-36
17
-41
11
-23
16
15
-58
43
21
10
-15
-16
28
22
3
10
-3
10
47
-30
21
20
-1
20
41
29
6
-13
18
38
-29
39
-18
44
40
0
-6
10
11
2
-35
50
47
-24
51
15
48
-18
-15
-21
-8
28
10
18
35
63
-24
12
22
1
79
71
-2
-11
-34
7
33
-6
-21
21
0
19
55
7
60
-7
-5
8
10
82
-27
35
19
41
-35
24
-3
0
1
58
14
21
-3
3
9
44
-70
14
48
-4
30
8
-2
32
-4
-35
8
-39
-7
3
29
-36
5
22
35
13
-21
-9
3
-15
7
7
37
17
0
-55
14
-14
3
47
-3
25
29
-19
4
20
14
-5
-11
-41
-10
5
-27
-26
13
-10
31
28
-12
14
20
5
31
45
15
-1
42
42
-32
-23
-8
38
22
16
10
-17
-2
28
13
-1
15
-24
-20
-31
45
13
7
19
-9
46
7
16
-9
7
-14
-15
-36
-11
-9
8
52
14
13
44
19
-10
26
-25
-31
23
13
-53
-26
6
1
-1
8
4
0
44
57
-15
45
-8
28
44
-28
60
48
6
-18
3
-6
-17
-14
23
26
6
-22
-19
-4
-5
-23
-15
45
45
35
30
12
-5
0
-35
4
-6
-21
53
-26
15
42
41
14
-1
41
-24
16
-4
-10
-26
-34
11
-16
2
20
8
27
-27
-18
11
27
41
29
-9
66
10
-7
19
-12
2
-5
48
2
22
6
9
-48
4
14
-15
15
45
-23
28
-7
25
10
48
25
41
-7
12
28
-2
27
-4
9
28
-11
-10
3
-61
14
-6
-9
-4
6
-18
9
24
1
-6
-18
6
6
-38
20
-3
32
-28
-9
44
-15
25
-13
29
-30
-43
21
-3
12
-7
14
-9
14
36
-28
-42
7
33
9
-7
18
29
-20
-18
-27
14
40
-24
-20
9
-10
18
37
0
16
11
-10
-7
7
-3
30
-5
23
-13
29
34
-32
38
-48
31
0
20
27
56
-29
23
5
9
-14
23
19
36
21
15
-1
12
-18
1
42
8
-40
20
24
-1
-6
39
-7
41
-2
24
8
9
51
22
18
-3
33
1
-32
-18
24
4
0
-10
-8
9
-6
27
-5
41
-32
-9
-50
20
16
-19
2
-9
0
0
-1
7
-12
-4
8
-5
72
0
29
8
27
7
-18
2
-5
-2
22
-21
-13
-41
33
72
-7
15
8
37
-56
-18
-9
22
-5
50
-10
29
2
-10
-8
-41
-13
34
-1
30
36
23
8
3
4
32
16
1
18
-8
32
-41
-30
-4
-8
26
16
47
50
2
4
38
14
-9
36
-10
27
-4
9
19
50
-6
23
-13
-19
3
-11
23
2
-27
32
2
23
53
53
11
-5
34
-11
15
23
-46
29
20
-50
23
3
33
-43
39
25
49
-13
11
-17
-13
-25
33
25
17
35
32
16
9
31
-22
52
-18
14
-25
-29
-19
-7
-8
-15
7
17
7
1
3
29
18
