[[-478, -339, -75, 553, 533, 310, -452, -314, 393, 387, -260, -288, 224, -428, -304, -232, 346, 455, 240, -47, -514, -232, 56, 87, 582, -108, -51, 191, 252, -376, -479, -42, 7, 512, 300, 230, 507, 90, 542, 575, -511, -261, -134, -459, -93, -520, -413, 7, 91, -526, -483, 307, -20, 366, 581, 141, 406, 490, 219, 230, 390, 37, 133, -151, 509, 201, 252, 122, -77, 32, -483, -149, 257, -232, 258, -23, -189, -211, 279, 434],
[69, -427, -307, 478, -9, 187, -451, -257, -118, 63, -465, -85, -280, -501, -376, -105, 533, -276, -501, -37, 500, -398, -438, 599, -159, 25, -197, -354, -373, 277, -519, 272, 198, -279, 455, -529, -284, -184, -192, -216, -503, 460, 289, 584, -467, 55, 61, 546, 221, -253, 575, 203, -547, 503, 151, -292, 252, 26, 510, -477, -50, -332, 499, -121, 281, 171, -228, 219, 529, 86, -113, -137, 481, -548, 296, -123, 322, 266, 151, -9],
[-481, 460, 514, -183, 592, 534, 148, 277, 317, 269, -123, -403, 362, -466, 598, -191, -22, -275, 161, 19, 219, 593, 435, -584, 128, -291, 502, 504, -485, 103, -366, -408, 47, -190, -256, -193, 235, 11, 18, -333, -410, -511, -349, -156, -125, 253, 219, 528, -50, 339, -173, -208, 248, -260, 386, 227, -320, 253, 376, -218, -125, -374, -341, -5, -351, 156, 204, -176, 457, -503, 329, -41, 573, 586, 497, 66, -280, -309, -338, 53],
[55, 338, 341, 237, -247, -138, 25, -395, 313, 149, -437, 261, 471, 176, -159, 558, 123, -219, 247, -58, -223, 571, -170, 319, 523, -235, 340, -549, 172, 92, -307, -459, 146, -152, -133, 217, 380, 33, -181, -296, 334, 351, 315, -11, -372, -143, -33, 358, 245, -176, 224, -534, 53, 375, 24, 352, -572, 381, 388, -33, 382, -46, 340, 328, 96, -454, -15, -130, -279, 431, 95, -350, 97, -312, -123, -374, -188, -26, 69, -10],
[-187, -279, -271, 476, 549, -105, 277, -519, 369, -157, -514, 337, -289, 487, 91, 539, -353, 470, -67, -261, -41, -255, 544, 115, 164, -588, 198, -251, -461, 171, 337, -270, 180, 356, -80, 306, 517, -16, -192, 456, -496, 128, -244, -151, -214, -255, -323, 88, -212, 24, -280, 485, -71, 516, -97, -318, 570, -25, -373, 30, 296, -145, 527, -341, 457, 240, 322, 308, -458, 534, -415, -35, 332, -335, 87, -589, -22, 575, -94, -273],
[4, 487, 62, 480, 449, 221, -594, 569, -80, 534, -300, 521, -559, 237, 213, 596, -321, -137, -146, -375, -21, 414, 275, 421, -437, 23, 51, -79, -278, 389, -295, 533, 58, -363, 483, -364, -434, -122, 132, 24, -522, -57, -91, 100, -86, 135, 99, 386, -114, 396, 419, -545, -41, 135, 590, 208, -220, -256, -380, -32, -503, -447, 37, 294, -68, -199, -314, -364, -358, 247, 594, 49, 93, -336, 372, -300, -355, 153, -561, -210],
[-392, -479, -356, 352, -72, -109, 599, -141, 537, -451, 498, -298, -304, 69, 240, 569, 268, -356, 63, 549, -365, -214, 513, 464, 522, -460, 110, -272, -530, -266, 530, -161, 258, -483, -7, 333, -243, 39, -4, -69, 390, -516, -486, 155, -310, 91, -252, 424, -234, -426, 421, 14, 571, -500, 583, -110, 139, 510, 284, -153, 77, 505, -464, -208, 112, -393, 451, -525, 465, -350, 598, -121, 178, -177, -340, 346, -189, 594, 452, 276],
[-290, -83, 469, -387, 145, 562, -543, 2, 112, 227, -470, -199, -411, -250, -244, -254, -401, -331, 485, -147, 66, -27, -232, -99, 392, -12, 550, 149, 434, 236, -93, 132, -468, -494, -59, 305, -566, 383, -518, 324, 261, 150, 301, -276, -523, -205, 588, 349, 108, -512, 446, 598, 251, -96, -327, -499, 334, 95, 226, -263, -145, 229, 433, 57, -144, 30, 500, 429, 509, 220, 348, -356, -200, 456, -299, 260, 130, -201, 245, 285],
[-399, -217, -526, 54, 443, -150, 324, -466, 42, 319, -553, -566, -470, -599, -158, -445, 278, 282, 374, 288, -300, 330, -523, -165, 519, -552, -92, 243, 462, -346, -122, -377, 559, -464, -309, -555, 52, 544, -197, -54, 28, -573, 188, 171, -194, -278, -409, -261, -526, -511, 260, 468, 27, -55, 42, -485, -431, 9, 6, -590, -108, 55, -535, 590, -319, 127, -525, 414, -61, 382, -233, -521, 587, -30, 515, -131, -38, -66, 26, 428],
[162, 165, 592, 466, 510, -538, -404, -35, -222, 61, -409, -445, 402, 58, 78, -440, -292, 477, -329, -518, -512, -235, 172, 235, 313, -207, 439, -501, -572, -17, 440, 204, 100, 297, -150, 54, -415, -372, -335, -413, 351, 51, -412, -535, 569, 19, -148, -404, 92, -295, -51, -136, -206, 363, 178, -442, -583, 442, 545, 150, -386, -397, 587, -578, 179, 209, 279, -597, 379, -300, 269, 548, -461, -546, 494, 391, 65, -374, 373, 550],
[-519, 317, 19, -172, 93, -554, 430, -447, 422, -571, -30, -551, -271, -329, -146, 597, -202, 81, 46, 575, -260, -317, 570, -337, 34, -352, 80, -174, 554, -547, -191, 100, 321, 341, -232, 270, -424, -580, -144, 229, -267, -133, 95, 51, -494, 466, 110, 569, 276, 200, 278, 422, 478, -15, 582, 300, -381, -121, 39, -376, -153, -384, -438, -432, 465, -363, 322, -42, -12, -131, 583, -319, 369, 597, -218, -268, 377, -342, 108, 211],
[-268, 516, -231, 11, 407, 497, 515, -227, -463, 41, -593, 114, 234, -469, -77, 204, 123, -313, 573, -383, 153, 130, 350, 30, -9, 132, 135, -279, -593, -230, -491, 559, -84, -145, -48, -512, -204, -60, 444, 42, 359, -14, -77, -296, -519, 355, -220, 128, -562, -329, 104, 127, 403, 592, -143, 135, 115, -404, 495, 88, -275, 240, -164, -118, 360, -358, 68, -390, 193, 39, -163, 267, 8, -324, 505, -456, -411, -567, 559, 49],
[510, 553, -575, -63, 87, -567, -314, -230, -178, -224, 264, 216, -393, -518, 254, -473, -301, 93, -315, -481, 427, -346, -593, -563, 285, 390, -382, -240, 282, 449, -360, 82, -446, -218, -60, 123, -394, -213, 106, 190, -166, -349, 78, -167, 592, -9, -389, -97, 129, 57, -430, 7, 495, -566, 319, -598, -389, -580, -48, 410, 235, 56, -496, 177, 98, 338, 11, -339, -380, -409, 352, 594, 301, 550, 78, -261, 419, -236, 80, -478],
[22, 341, -390, -65, -413, -50, -251, -363, 393, -357, -571, 23, -68, -547, -521, -186, -291, 400, 19, 423, 142, 429, -121, -258, 460, -417, -113, -42, 599, -172, 344, 408, -600, 508, -309, 195, 541, -119, -102, 537, -51, -136, 500, 260, 112, 144, -94, -424, -331, 470, -515, 556, -214, -567, -430, -551, 222, -507, -154, 354, -417, 12, 155, 552, -489, 40, -256, 595, 171, 252, 93, 191, 226, -304, 371, 334, 211, 463, -318, 353],
[-450, -79, 313, -267, -126, -527, -119, -462, 183, 344, -414, 581, -52, 544, -383, 408, -124, 349, -147, 47, 206, 261, -65, 379, -572, -248, -28, -62, -585, -335, -393, -346, 89, -13, -14, 96, 556, -489, 105, 489, 19, 226, 520, -403, -15, -537, 455, 257, 350, -525, -428, -45, 242, -546, -562, -168, 433, 411, -41, -589, 564, -455, 581, -48, 495, -71, 65, -111, 452, 540, 450, -295, -581, 586, 364, -59, 326, -94, 101, 467],
[509, 442, -554, -532, -177, -569, 290, -342, -570, 528, 139, 279, 313, 457, -599, -451, 290, -73, -163, 161, -446, -599, 432, -194, -476, -430, -501, -179, 448, 504, 305, -376, -208, 67, -477, 439, -240, -108, 488, -564, 365, -169, -495, 45, 448, -23, 590, 64, 517, -148, 264, -301, 425, -358, 464, 546, -447, -223, -14, 263, 465, -172, -277, 104, 28, -502, -353, 387, -427, -347, -181, 426, -357, 165, 95, -312, 312, 286, -264, 181],
[133, 98, -384, 420, -563, 24, -108, 263, -205, 91, -261, -307, 561, -534, 210, 133, 288, 435, -201, 305, -320, 421, -600, 587, -349, 78, 212, -443, -274, -221, 415, -461, 286, -426, -7, 163, 102, -496, -131, -424, 495, 79, -567, -480, 564, -339, 493, -426, -367, -507, 190, -274, -22, -281, 407, -56, 255, -315, -543, 538, -30, -52, 321, -350, -514, 386, 478, 588, -196, -418, -32, -313, 546, -66, 475, -150, 419, -155, 186, 248],
[242, 484, 354, -361, 182, 260, -101, -85, 110, -153, -196, -283, 441, 98, 158, -83, 333, 329, -34, -391, -415, -403, -598, 350, -424, 483, 141, 197, 573, -376, 349, -156, -255, -416, -291, 353, 595, 262, -147, -533, -525, -338, 323, 366, 232, 274, 544, 391, 62, 489, 547, 236, 441, -186, 349, -196, 186, -398, -302, -108, 15, 397, 456, 10, -530, 27, -474, 215, 369, 206, -487, 536, -593, 39, -79, -555, 304, -192, 160, 387],
[454, -409, -116, -63, -584, -44, -133, -141, -480, -102, 21, -408, -567, -439, 323, 425, -17, 275, 73, 464, 596, -499, -456, -133, -383, 261, 468, -251, -53, -442, 181, -406, 71, 423, 99, 111, -522, -289, -208, 584, 248, 137, -356, -257, 542, 487, -397, -93, -358, -186, -195, 595, -40, 359, 201, -531, -309, 297, 136, 118, 515, 236, 516, 106, 15, 55, -101, -331, 159, -376, -326, -199, 237, -550, -97, -314, 31, 396, 137, -133],
[273, -287, 100, -368, 321, 208, -551, -538, -505, -211, -75, -561, 327, -90, -113, 468, -2, -161, 119, -421, -121, -291, -259, 226, 327, -163, 573, -562, -582, 360, 562, -433, 129, 570, 389, -18, -492, 31, 242, -211, -456, 515, 386, 432, 360, 79, 322, 355, 265, 547, -428, 190, -200, -206, 484, -595, -6, -72, -41, 139, 53, 214, 393, 337, 204, 0, 529, -53, 313, -194, 42, 110, -599, 277, -452, -591, 149, 411, -306, 245],
[-277, 376, -560, 300, 502, -282, 183, 515, 74, 47, -89, 276, -111, 503, -335, 385, -254, -190, -288, -224, -436, 220, 208, -129, -276, -212, -531, 140, 455, 533, 128, -416, -23, 250, -179, 183, -57, 443, -529, 341, 148, 508, -483, 151, -144, 92, 462, -507, 557, 169, -526, -495, -40, -222, -294, -591, -411, -353, 573, -542, 86, 75, 312, 326, 320, 343, -149, 597, -37, 164, -302, -596, -34, -600, -321, -277, 239, 420, -381, 54],
[402, -481, -273, -103, -463, -136, -476, 582, -523, -539, 591, 435, -562, 123, -546, -353, 299, 547, -558, -409, -45, 579, -66, 424, -561, 232, -208, -168, 353, -428, 211, 342, -95, -406, -209, 544, 91, 324, 140, 176, -312, -511, -211, -299, -22, 586, 2, 362, -108, 232, -590, -82, 257, 124, -525, 132, -401, -262, -598, 415, 484, -255, 427, 447, -376, -488, 78, -553, 579, -211, 139, 206, 485, 383, -523, -64, -168, 480, -165, -528],
[503, -425, -209, 9, -255, -362, 455, 322, 494, -410, 339, 498, -577, -246, 269, 544, -389, 580, 337, 198, -199, -504, -204, 100, -439, 245, 224, 32, -443, -295, -250, 413, -429, 594, -387, 193, -277, -239, -434, 50, -389, -72, -550, 579, 413, -75, -474, 151, -517, 227, -399, -524, -296, 263, -580, -126, -117, 34, 278, -179, -202, -173, -99, -251, 329, 110, 465, 103, -457, 216, 127, -361, -20, 343, -249, 2, 244, -128, -476, -447],
[441, 315, -119, -297, 239, 288, 103, 24, -246, -9, -553, -25, 514, 185, -165, -229, -204, -534, -385, 85, -188, 378, -270, -169, -575, -432, 469, 248, -359, -353, -566, -386, -490, 523, 300, -397, -106, -311, -440, -411, 311, -577, 422, 326, -578, -313, -75, 307, -360, -142, 405, 596, 486, 358, 418, 36, -317, 437, 89, 252, -10, -164, 346, 250, -125, 552, -357, 375, 68, -406, 37, -95, -11, -180, -152, 502, -315, -182, 115, 394],
[-563, -576, -171, 369, 241, 74, -116, 86, -252, -236, 38, 304, 290, -457, -348, 597, -539, 497, 274, -115, 203, -17, -191, 369, -465, 282, -543, 329, 21, -163, -361, 222, -358, 84, -216, 383, 440, -131, 484, 258, -222, 165, 225, -108, -370, -415, 509, -422, 223, 569, 157, -458, 336, -345, 334, -378, 207, -349, 590, 511, -373, -569, -450, 425, 10, 244, 118, -226, 85, 594, 417, -582, 4, -326, 209, -36, -393, 322, -394, 137],
[523, 422, 204, 209, 115, -575, -74, 463, 192, -448, -327, -586, -451, -169, -88, -276, 24, 175, -205, 162, -250, 576, 11, -391, 441, -451, -413, 11, -171, 153, 356, -294, 471, 432, -411, 236, -474, -501, -407, -310, -427, 89, 159, -223, -2, -520, 384, -21, 37, -437, -139, 249, 241, -220, -505, 12, -211, 139, -443, 28, -9, 66, 7, -276, -505, -153, -410, -130, 587, -550, -119, -449, -81, -328, -534, 295, 278, -347, 418, 67],
[-71, 364, -227, -468, 338, 243, -10, 39, 490, -368, 110, 170, -186, -519, -600, 579, 519, 439, 433, 353, 338, -263, 88, 85, -48, 453, 478, -555, 552, -357, 538, -213, -557, -62, 543, 463, -241, -366, -537, -269, 524, 72, -481, -495, 470, 65, -413, -537, 246, 539, -52, -493, -44, 247, 97, 91, -492, 573, 522, 31, 486, -284, -74, 594, -371, 573, 416, 172, 413, -38, -282, 282, 51, -564, -490, 163, 338, -552, 435, -29],
[-450, 91, 246, -351, -166, -19, -212, -447, 259, 176, 206, 141, 531, 238, 285, 305, -580, -330, -225, -71, -519, 424, -202, 583, 102, 99, 194, -403, 129, -120, 180, 265, -199, 439, 517, -466, -161, -574, -285, 553, 496, -409, -418, -208, 120, 397, 101, -303, 336, -280, -192, -553, 205, 375, -249, 217, 496, -520, -149, 153, -524, 294, -542, -155, -39, -60, -221, -65, 39, 477, -513, -46, -212, -121, -78, -462, 456, -410, 273, 326],
[-311, 342, 409, 208, 2, 283, -392, -569, -540, 180, 431, 187, -94, -412, 391, 508, 505, -412, 519, 539, 555, 281, 90, -558, 557, 429, -131, 115, 115, 199, -120, -81, 561, 210, -480, -382, -218, 312, -244, -276, 169, 414, 203, 561, 190, -352, -496, -301, 193, 396, 292, -330, 384, -77, 199, 340, -10, -342, -204, 253, -201, -424, -463, -175, 308, 343, -74, 35, -81, -400, -40, 255, 82, 334, -557, 34, 136, -58, -240, 423],
[-226, -351, 367, 439, 331, 578, 494, 347, 585, 187, -313, 31, 4, 254, 596, 261, 557, 399, 376, -271, 238, 394, 404, -419, 125, -495, -423, -374, 155, -509, -44, -470, 287, 538, 292, 55, -304, 84, -522, -503, -62, 328, 340, -257, 326, 227, 191, 93, 560, 131, 279, -535, 45, 434, 399, 260, 465, 355, -390, -368, -380, -89, 394, -328, 49, 89, 252, 44, 585, 132, 422, -218, 317, -433, -600, 520, -520, -84, 349, -501],
[-350, -55, 449, -576, -3, 315, 96, 520, -585, 404, -84, -139, -38, 297, -455, -423, 543, 284, -209, -175, -202, 293, -481, 530, 489, -358, 511, -77, -80, 591, -71, 528, -291, -518, -479, 389, -120, -235, 393, -333, -291, -510, 434, 183, -353, 75, 35, 263, -103, 10, 95, 547, -305, -325, 63, -592, -320, 417, -322, -457, 146, 371, 375, -364, -477, -180, 13, 413, -400, -214, 546, 301, -491, 457, -183, -571, -478, -206, -175, 178],
[323, -426, 125, -340, 284, -303, -347, -348, 491, 7, 449, 135, -79, -105, -103, -582, -31, -596, 419, -597, 44, -184, 205, 60, -5, 439, -347, 496, 434, 548, 40, -485, 128, 362, -78, 456, -282, -210, 522, 448, 564, 589, 478, -440, -341, -497, -221, -215, 524, -264, 136, -33, 433, 128, -306, -530, 437, 290, 516, 339, -12, 256, -401, -415, 552, -359, -345, -522, 85, 276, -439, 359, 349, 546, 569, -578, -526, -513, -147, -107],
[54, -545, -4, -294, 256, -584, 371, -529, -507, -399, 35, -510, -249, 322, 455, -489, 275, 178, -482, -180, 532, 241, 264, -51, 14, -27, 16, -296, -44, -101, -378, -152, 123, -363, 161, 183, -379, -343, 129, -171, -261, -411, 588, 67, 305, -104, 222, -193, -354, 408, 20, 513, 450, -390, 162, 79, -391, -479, -291, 486, 140, 142, 590, 436, -563, 462, -76, -195, -574, 395, -585, 294, 298, 229, 545, 162, 538, -284, -70, 496],
[197, 391, 7, 559, 449, -225, 438, -290, 230, 95, -351, -395, 165, 80, 243, 2, 296, 218, 467, -241, -552, -91, 221, 368, -57, 286, 400, -191, -543, -139, -414, -234, -498, 341, 165, -144, 135, 442, -236, 227, 246, 542, 418, -54, 200, -338, 113, 309, 541, -297, 559, -197, 369, 88, -259, 498, 419, -90, 515, 589, -35, -535, 377, 350, -342, -341, 417, -359, -543, -97, 473, 322, -514, -340, 534, 125, 390, 213, 429, 309],
[-557, 161, 152, -455, 197, 159, 72, 280, -359, -542, 163, 275, -242, -130, 161, 355, -417, 390, -92, 519, -214, 427, -152, -204, 40, 100, -355, -124, -152, -185, 331, -455, 399, 45, -390, -338, -132, 473, -282, 166, -551, 351, -449, 175, -425, 295, 436, 71, 177, 560, 335, 329, -505, -508, -111, -171, -528, 24, -416, -234, -284, 298, 214, 357, -339, 299, 561, -544, -67, 55, 254, -190, -407, 43, -203, 281, 231, -370, 20, 453],
[24, 121, 232, 581, -48, 550, 281, 170, -95, -390, -578, -272, 481, 327, -48, 97, 136, -104, -518, 496, 243, 412, -158, 316, -49, 22, 199, -128, -285, -278, 177, 538, 404, 90, -167, 430, 524, -65, -319, 311, -430, 320, -90, 176, -286, 569, 423, -100, 528, 489, 93, 332, -118, 509, 383, 260, 493, -442, -110, -491, -281, 583, -559, 234, 308, -34, -197, 224, 121, -181, -253, -432, 143, -45, -146, 229, 360, -418, -566, 89],
[-19, 325, 297, 179, -494, -257, 79, -157, -129, -400, 353, -277, -558, -566, -478, 85, 484, 255, -134, 12, -152, -401, -358, -104, 293, -318, -577, 70, -124, -559, -541, 109, -76, 327, -32, 537, -460, -114, 174, 455, 48, 424, -387, 523, 222, 341, -114, 103, 370, -384, -552, 359, 94, -566, -268, -574, -293, 247, 251, -345, -409, 492, -126, -432, 269, -209, 243, 354, -423, -403, -262, -82, 165, 322, -122, 406, -123, -310, -555, 427],
[262, -172, -120, 359, -89, -518, -9, 43, 303, -449, 393, -512, -270, -426, 29, 99, -25, 233, 582, 503, -114, -4, -30, -251, 60, 89, 265, 327, -255, -469, 253, 43, -151, -96, -162, 7, -457, 316, -525, 546, -142, -192, -429, -496, 204, 272, 216, -474, -33, 297, 0, 147, -522, -564, 81, 590, -231, -132, 429, 105, -124, -226, 200, -376, 243, -374, -570, -578, 255, 585, 557, -249, -25, -93, 174, -301, 381, 585, -503, -263],
[-508, -76, 421, -414, -304, 410, 423, 543, -453, -554, -160, 438, 273, 180, 553, -349, 231, 541, 185, -382, 510, 185, 334, 42, 451, 249, 335, -332, -77, -437, 71, 293, 205, 257, 458, -600, 328, -154, 513, 600, -591, 236, 41, 309, 518, 490, -69, -530, -397, -576, -44, -492, -561, 176, -289, 343, -119, 436, 408, -330, -163, -62, -74, 508, -385, -166, -210, 424, -395, 423, 258, -147, 361, -492, 17, 495, 59, 550, 421, -539],
[306, -152, 178, -474, 565, 221, 233, -145, -579, 592, -6, -555, 571, 203, -229, -56, -331, 428, 223, 142, 404, 66, 555, 79, -160, -528, 5, -480, 59, -570, -508, -77, 295, 578, -283, 46, 398, 227, -529, 497, -470, 320, 32, 206, 123, 158, -574, 372, 487, -540, -306, -7, 130, -346, 355, 13, -444, -423, -383, 254, -372, -354, -68, -204, -87, 70, -17, -436, 491, -553, -291, -444, -133, -502, -169, 254, 85, 583, -413, 429],
[187, -189, -468, 45, 133, 348, 365, -145, 436, 270, 452, 462, 480, 0, -212, -120, -310, 109, 44, 434, 251, 275, -133, -352, -513, 22, 296, 123, 340, -427, -231, -396, -200, 294, -128, 36, -12, 119, 313, -219, -474, 468, 156, -591, 400, -364, 321, -273, 351, -195, 117, 158, 12, -160, 591, -462, 258, -481, -386, 0, 9, -491, -269, 295, 237, -481, -276, 35, -183, -502, 323, -282, -35, -49, -127, -333, 374, -143, -68, -76],
[-432, 592, -447, -578, -46, -180, 201, -256, 325, 236, 283, -242, -338, 399, 473, -386, 516, -233, 574, -4, 72, 268, 403, -508, 3, -517, -197, 234, -209, 588, -475, 98, -268, -209, 530, -487, -477, 275, 97, 135, 129, -311, 22, -469, -28, -205, 267, 456, 565, -200, -6, -237, 317, 574, 488, -591, -413, 465, -320, -92, -47, 363, 558, -530, -473, 440, 404, 201, 240, 155, -291, -371, -134, -162, -474, -348, 368, -506, 471, 341],
[32, -45, -21, -418, 558, 471, 496, 412, -400, 262, -196, -265, -486, 0, -120, -532, 445, 67, 520, -448, -335, -201, 25, 501, -31, 157, -79, -436, -190, 404, -553, -516, -552, -245, 458, 524, 12, -15, 473, -164, -160, 470, -108, -176, -102, 92, -269, 268, 175, 63, 343, 194, -519, 540, -9, -571, -17, 482, -84, 292, 296, -566, 209, 73, -217, 302, 169, 539, 401, -307, 5, 597, -218, -251, 208, 353, 404, -292, 142, 199],
[-237, -251, -180, 258, -424, -18, -521, -394, 309, 489, 170, 571, 29, -112, -30, -356, 31, 78, 501, -556, -32, 132, -218, -580, 185, -93, -389, -11, 89, 73, -20, 175, 105, -254, -134, -510, -426, 468, 264, 320, -101, -301, -117, 73, -421, 409, -389, -76, -150, -80, 227, -304, -140, 509, -292, 249, 222, 576, -542, -25, -443, 399, -288, 16, 160, 220, 89, -187, 26, 387, 195, 269, -138, -557, 576, -513, 323, -34, 222, 335],
[-64, -443, 364, 559, -527, 225, -56, 414, -183, -121, 543, 324, 124, -489, -568, -61, 457, 389, -575, -199, 324, -191, 558, -518, -323, -214, 188, 392, -425, -142, -221, -161, 575, -447, 188, -327, -404, 268, 276, 192, -515, 18, -535, -316, 349, 338, 30, -338, 126, 519, -225, -396, 350, -242, 73, 209, 255, -585, -16, -286, -486, -86, -308, 177, 449, -238, 275, 565, 474, 149, -284, 595, -352, 347, -245, -392, 576, -65, -292, 153],
[584, -218, -361, 318, -13, 251, -1, 408, 452, 453, -488, 479, 0, -596, -220, -523, 1, 471, 391, 471, -268, -4, 21, 469, 113, -327, 520, -352, 569, 30, 54, 570, -123, 552, -215, 272, 289, 113, -555, -499, -378, -161, 307, -448, -235, -535, -180, 325, -533, -575, 363, 69, 268, 503, 57, -428, -144, 59, -231, -462, -278, -97, 2, -183, -460, 364, 194, 181, 321, 185, -570, 90, -274, 34, -253, 467, -460, -558, 91, -384],
[-33, 264, 324, -114, 94, -164, -498, -379, 120, -104, -308, 573, 424, -136, 591, 381, -331, 532, -171, 249, -82, -538, 541, -579, 492, -202, -336, -272, 194, 570, -393, 173, -438, 28, 37, 82, 129, 306, 251, -538, -439, 277, -333, -79, 30, -26, -511, -334, -353, 550, 592, 365, -112, 407, -490, -587, -184, -243, -482, 309, 429, 545, 455, -466, 373, 322, -394, -381, -352, 545, -593, 274, -588, -72, -318, -321, 482, 317, 534, -124],
[548, -84, 152, -202, 47, 409, -577, -201, 39, 217, -163, -435, 405, -462, 577, -160, 248, -141, 388, 247, -325, -236, -162, 149, 346, 512, 379, -304, -599, 70, 536, -221, 229, -336, -363, -113, 264, -560, -393, 44, -371, -450, -41, -94, 401, -254, -545, 500, 253, 566, 367, -48, -293, -213, -375, 315, -397, -442, -157, 309, 40, 312, -361, 381, 203, 290, -280, 91, 130, 304, 333, -221, 173, 369, 242, -522, -425, 322, -595, 195],
[202, 540, 79, 451, -412, 560, 488, -349, 558, 268, 520, 502, -45, 137, 26, -147, 143, -109, 349, -337, 58, -529, -47, 85, 501, 488, 44, 443, 443, -71, -113, -394, -374, 325, 252, 133, -126, 29, -259, 310, -264, 478, -165, 393, -384, -247, 536, -111, -512, 360, 176, 95, 316, -368, 579, 232, -498, -379, -315, -498, 17, -585, 161, 398, 336, -377, 387, -504, -148, 288, -285, 104, -116, 112, -403, 535, 519, -507, -187, -492],
[-205, 460, -316, 580, 208, -64, 71, -230, 99, 484, -175, 244, -309, 502, 549, -432, -80, 255, 468, -556, -128, 273, 452, -171, 561, 310, -86, -484, 195, -150, 505, -333, -333, -364, -203, 330, -401, -555, -578, -450, -264, -133, 238, -297, -61, 405, -534, -237, -208, 312, 157, 596, -197, 245, -359, 260, 26, -444, 354, -329, 6, -552, 486, 419, 483, -466, 354, -287, 104, -570, -407, -485, 532, 422, -208, -509, 96, -583, -29, -526],
[-187, -595, -423, 365, 101, 64, 344, -277, 365, -529, -96, -313, -434, -221, 56, -136, -207, 121, -518, -292, -219, 392, 16, 577, -498, -187, -85, -35, 65, 320, -11, 154, 468, 183, 480, -16, 392, -254, -106, -333, -503, 35, 367, -224, -516, 466, -305, 501, 7, -356, -232, -492, 452, -20, -22, 301, -407, 342, 416, -254, -17, -242, 552, -579, -45, 95, -240, -13, -219, -114, -16, 308, -348, 284, -33, -425, -558, 600, -600, -588],
[322, 481, -335, -304, -456, -589, -149, 241, -288, 460, -377, 201, 484, -211, 147, -566, -392, 417, -186, -561, -165, -599, -291, -90, 7, 223, 37, -408, 521, -349, 512, -563, -480, -208, -394, -287, 528, 569, -421, -439, -189, 499, -360, 247, 445, 434, -592, 423, 369, -495, 487, -423, 570, -297, 530, -569, -28, 395, 228, 172, 374, 374, 541, -538, -470, 532, -370, -197, 89, -445, 441, -365, -457, 34, 127, -122, -32, 42, -590, 245],
[310, -524, -599, 305, 331, 191, -402, 290, -63, -80, -28, -545, 110, 132, 590, -326, -298, 219, -551, -103, -49, 401, 449, -367, -395, -275, 14, -10, -398, -86, -21, -497, -593, -556, 435, 270, 49, -580, 513, -34, -249, -131, 523, -48, 328, -118, -325, -535, 561, 42, -367, -390, 328, 538, -217, -117, -568, -216, 310, 176, 306, -27, -103, -389, 2, -527, -372, -214, -23, 335, -79, 77, 404, 351, 238, -115, 187, -196, -411, 440],
[-411, -551, 560, -1, -223, 436, 539, -562, 99, 595, 141, 326, 288, -511, 171, -340, 168, 234, 50, -397, 3, 76, 291, 255, -552, -543, 583, -574, -575, 26, -308, 367, -449, 472, -562, 258, 528, 568, -376, 232, 589, -266, 218, 473, 254, 375, -276, 78, -419, -87, 380, 134, -165, -103, -246, -383, -385, 307, 159, -302, -266, 131, -194, 379, 549, 305, -97, -152, 555, -531, 43, -234, -309, 181, 513, -251, -250, -77, 521, 35],
[-502, -488, -584, -177, -179, 471, 201, 476, -268, -3, -253, -528, -221, 174, 292, -173, -375, -190, 189, -595, -180, -354, 394, -538, -421, -415, -534, -423, 432, 206, 503, -361, 343, -141, 223, -338, 172, -201, 279, 160, -350, -204, -543, 153, 445, 521, 184, -465, 194, 591, -144, 559, 76, 297, -336, 581, -515, -32, -420, -67, -37, -9, 579, -421, -179, -481, 20, 459, -361, -514, -364, -98, -460, 424, 164, 100, 98, 221, 271, 16],
[281, 424, 366, -440, 445, -129, 243, -417, -89, -308, -4, 350, 549, -6, 568, 256, 518, -35, 315, 160, -304, -309, -38, 345, 540, -208, 556, -227, 63, -360, -435, -546, 477, -64, -48, -234, -395, -200, 351, 514, -428, 500, 518, 355, 546, -311, -244, 145, -278, 48, 256, -497, 589, 356, -466, 331, 40, -547, 572, 312, -41, -251, -92, -73, 417, 453, -169, 491, -180, -209, 371, 384, -509, 276, -211, -33, -485, 0, -270, 120],
[-516, 23, -289, 432, 130, 106, -251, -111, -446, 101, 126, -154, -55, -403, 173, -448, -152, -3, -136, 114, 314, 39, -162, 140, -318, -222, -308, -187, -445, 502, 132, -73, 297, 118, 466, 599, 353, 178, 494, 368, -523, 140, 153, 136, 161, 232, -347, 57, -188, 566, -176, -281, -249, 383, 197, -421, 70, -179, -152, -27, -596, -10, 411, 524, 373, -135, 193, -515, -523, 313, 511, 371, 83, 554, 200, 421, 500, 230, 529, -98],
[21, 396, -62, -21, -517, -59, -211, 269, -212, 513, -167, 270, 263, 206, 80, 476, -566, 83, 360, -565, -431, 148, -439, 459, 473, 364, -240, 36, -484, 36, -387, -390, -430, -600, -219, -398, 312, -44, 269, -142, -33, -147, -538, -513, 225, -578, 577, -562, -302, -533, 304, 5, 299, 446, 156, -2, -372, 301, -267, 125, 521, -573, 588, 346, -51, -324, -336, 550, -501, 264, -37, 463, 294, -170, 202, 311, -266, 147, 351, -506],
[562, 205, -334, 479, -214, -98, -116, 264, -270, -324, 28, 593, -359, 391, -184, 64, 588, 61, 362, 260, -357, 366, -537, -128, 413, 478, -141, -312, -231, 337, 514, 149, -337, 594, -225, 98, -331, -490, -49, 101, 350, -576, -354, 515, -448, 343, 553, -160, -275, 61, -295, 132, -34, -101, 262, 461, -154, 130, 511, 169, 223, -14, 365, -99, 459, 426, 335, -275, 373, 145, -324, -414, -485, -336, 13, -411, 486, 495, -366, 478],
[451, 208, -465, -295, -583, -43, 296, 9, -95, 151, 84, 269, 11, -125, -233, 451, -325, -47, -48, 100, -210, -141, 434, 70, -159, 10, 249, 340, -501, 254, 483, 457, -189, 158, 151, 250, 148, -436, 349, -59, 158, 437, 35, -220, -503, 261, -382, 258, 396, 572, -401, -66, -559, -416, 332, 371, -599, 140, -115, 248, -577, 527, 272, 5, -474, -358, 486, -560, 294, -149, 57, -311, -3, 19, -281, -70, -215, 268, -571, 261],
[-311, 581, -59, -218, -525, -487, -402, 437, -205, -294, 508, -536, 312, 38, -244, -545, -397, 362, 250, -115, -164, -132, 390, -1, 363, 211, 574, 505, -539, -156, -119, -155, -139, -421, -236, 465, 237, 537, -498, 340, 237, -183, -95, 222, -509, 401, -493, 409, 450, 46, -554, 165, -143, 345, 323, -594, 370, -76, -221, 563, 364, 506, -290, -345, -515, -201, -6, -590, -116, 461, 12, 158, -540, 448, -291, -185, 396, 518, -228, 141],
[506, 313, -549, -524, 285, 260, 305, 324, -420, -450, -103, 573, -531, -328, -144, 462, 273, 515, -445, 161, 200, -58, -590, 498, -92, -505, 437, 152, 393, -293, 287, 88, 497, 291, 473, 536, -556, 93, 538, -597, 104, -505, 29, -529, -483, -79, 536, 29, 106, -5, 412, 406, 557, 506, -30, -481, -451, 312, 226, -467, -523, 30, -230, 523, 232, -445, 407, 130, -339, 314, -423, -13, -380, 373, -89, 406, 93, 86, 17, -265],
[249, 275, 248, -106, 220, -454, -99, 37, -333, 342, -179, -219, -54, -169, 590, 125, 580, 154, 272, 57, -349, -407, 517, -182, -586, 562, 397, -69, -31, -98, -77, 41, 56, 305, 484, -215, 209, -357, 70, -374, 202, 437, 141, -450, -347, 203, -193, 339, -308, 365, -453, 526, -143, -340, -542, 532, 97, 559, 564, 543, -208, -36, 13, -42, 342, -346, 184, 286, -281, -302, 131, 472, 530, -109, -322, -534, -319, -189, -137, -132],
[17, 572, 19, 345, 225, 225, -414, -540, -393, -148, -370, -323, -478, -597, -296, 105, -359, 380, -459, 532, -80, 399, -213, 253, -296, -412, -8, 579, 316, 65, -486, -232, 377, 505, 578, 2, -256, 29, -336, 385, 394, -344, 594, -43, 229, -120, -243, 455, -235, 118, 392, 473, -134, -69, 493, 473, 563, -229, -392, 178, -499, -76, -393, -387, 509, 475, -248, -448, 37, 25, 260, 152, 83, 250, -197, -98, -543, -215, -18, 180],
[-252, 341, -32, 582, -40, -163, 494, 102, 185, -332, 112, 438, 374, 498, -483, -431, 415, 306, -406, 109, 431, 170, -311, 246, 569, -107, -493, 154, 97, -57, -5, -473, 383, 544, -232, -301, 563, -130, 151, -48, -392, 123, -469, 309, -345, 595, 381, 389, 372, 366, 287, 57, 221, 102, -517, 82, 476, 67, 508, 138, -223, -532, -278, 549, -462, -268, 559, -213, 373, -553, -240, -166, -224, -518, -489, -170, 473, 77, -539, -25],
[295, 456, 318, 171, 351, -292, 359, 130, -554, -599, 44, -103, -102, 451, 241, -12, -552, -257, -507, -571, 494, -199, -229, -234, 21, 236, 387, -457, -534, 24, -549, 593, -210, 407, -30, 480, -193, -503, -281, -79, -128, -52, 289, 499, 127, 270, -542, 29, -56, 523, -226, -275, -35, 399, 363, 229, -14, 388, -164, -531, 153, -101, 131, -349, 201, 298, 558, 74, -305, -3, 476, -137, 157, -472, -499, 217, -103, -270, -470, -23],
[417, -41, -226, -320, -94, -109, 467, 349, 495, 440, -201, 109, 90, -238, -503, -219, -43, 332, 186, 451, 243, 475, 301, -229, -204, -234, 495, 548, 406, 586, 380, -455, 60, 548, 139, -366, -559, -290, 568, -502, -464, -585, -449, 37, -281, 475, 386, -570, -425, 8, -432, 573, 380, 226, 523, 132, 324, -67, -88, 166, -3, -86, -15, 575, 128, 578, 240, 412, 418, 403, 214, -382, 230, -495, 174, 205, 7, -96, -232, 98],
[-224, -542, -86, -495, -145, -390, 459, 544, 87, -428, -342, -510, 587, 138, -4, -36, -458, 122, 546, 316, 30, -223, -48, 177, -250, -550, 269, 593, 275, 497, -381, -61, -36, -363, 328, -510, 146, 62, -64, 272, -512, 531, 243, 212, -213, -381, -392, 283, -290, 473, 413, 72, 102, -306, 19, 158, -426, -63, 198, -219, -300, 82, 509, 189, -492, -458, 88, 262, 478, -352, 418, -399, -424, 239, 532, 16, -456, -249, -166, 498],
[-375, 481, 269, 275, 136, -119, -7, -515, 157, -350, -64, -550, -35, -199, -91, -552, 3, 307, -429, -557, -529, -427, -413, -586, -492, -511, 382, 278, -497, 491, 530, -118, 486, -300, 273, 477, -213, 79, 458, -234, -305, 543, -477, -509, -38, -106, 279, 243, -253, 37, 7, -62, 357, -248, -468, 22, -94, -90, -85, 285, -42, -383, -27, -190, 198, -254, -242, 94, 230, 594, -42, -522, -196, 397, 429, -113, 370, 267, -124, -541],
[-366, 13, 577, 476, -599, 324, 412, -189, -198, -22, 156, -418, -404, 544, -323, -32, 35, -333, -138, 422, -566, -191, 143, 78, -574, -288, 382, 441, 471, -333, 193, 484, -169, 365, 309, 131, -356, -50, -552, -268, -87, -581, -507, 420, 424, 283, 490, 412, -258, -437, -72, -535, 186, 343, -419, -508, 244, -452, -566, -391, 98, -156, 322, -234, 375, 59, 519, 48, 552, 499, 561, -86, 223, 266, 506, 186, 384, 221, -119, 324],
[-154, -37, -437, -176, -291, -417, 66, 389, 405, 427, -363, -360, -545, 88, -555, 311, 44, 518, -363, 309, -164, -376, 8, 309, -132, 451, 71, -463, 8, 110, 600, -345, -186, 344, -274, 306, 342, 209, 81, 33, -528, 563, 594, -154, 221, 563, 126, -361, -302, -551, 55, -74, 300, -393, -270, -87, -427, -554, 6, 390, -409, 12, -374, 130, 403, 447, -166, 382, -185, -533, -271, -448, 251, 454, 380, 35, -567, -415, 257, -464],
[401, 292, -81, -367, 55, 533, 279, 557, -50, -297, 55, -348, 498, 583, -282, -301, -16, 108, -362, -72, -344, 333, 250, -143, 30, 563, 357, -155, 48, 105, 99, 13, -530, 110, 542, -599, -532, -106, 394, -319, -253, 237, 302, -325, 444, -54, -497, 151, 174, 22, 402, 327, -432, 381, 228, 402, 235, -233, 199, 185, 537, 591, -535, 398, 557, -233, -394, 559, 386, -595, 116, -564, 51, 274, -557, 232, -569, 431, 154, -248],
[-409, -20, -502, -507, 257, -286, -337, -213, -30, -416, -150, 530, -320, -455, -248, -566, -110, 103, -447, 547, -419, 51, 226, 218, 92, -579, -37, -189, -233, 230, -146, -442, 353, 231, -577, -384, 47, 143, 307, -454, 247, 399, -79, -555, 184, -406, -58, -493, -503, 303, 288, 80, -158, -299, 266, 388, -464, -206, -541, 390, 423, 491, 62, -598, -438, -113, -265, -541, 331, -573, 527, 23, -44, -581, -427, -581, 389, 140, -295, -309],
[283, -364, 137, -446, -16, -64, 553, -513, 6, -98, 78, -95, 458, -548, 193, -300, -516, -80, 323, -584, -56, 210, -53, 471, 540, 578, 531, -82, -478, -470, 309, 367, 159, 167, 317, -371, 523, 405, -558, 335, 273, -234, 328, -383, 10, -265, 221, -600, -376, -228, 353, 181, 382, 357, -305, -340, -500, -1, 105, -264, -436, -118, 168, 237, -298, -201, -580, 31, 210, -507, -571, -111, -367, 219, -329, -512, -118, -113, -409, -363],
[-281, -475, 282, 478, 581, -115, -390, 226, -262, 1, -338, -33, 257, 164, 286, -244, 309, -390, -473, -234, -66, 383, 34, -360, -297, 130, -71, -469, -338, 125, -24, 62, -146, 302, -180, -79, -487, 400, -269, 325, -59, 188, 424, -177, -375, 318, -152, -127, 398, -479, 152, 396, -136, 531, -382, -431, 65, 68, -32, -568, -194, 267, 252, 281, -3, -580, 334, -478, -298, -51, 90, -46, 516, 287, -363, -318, -296, 455, -422, -364],
[-9, -111, -437, 485, 172, -549, -401, -422, -427, 288, -336, -356, -197, -194, 527, -32, -428, 0, -578, -135, -367, -367, 208, 521, 289, -350, 366, -193, 421, -570, -54, 255, -144, 15, 328, -445, 590, 385, -172, -414, 235, -381, -551, -401, 78, -60, 47, 171, -170, -54, -347, 31, 280, -59, -270, -341, 129, 164, -277, 506, 583, -154, -137, 30, 435, -114, 79, 408, 531, -197, 154, -427, 528, -538, -489, 189, 363, 282, 62, 233],
[-233, -506, 131, 401, 445, -475, 463, 31, 114, -379, 591, -355, -105, 410, -234, 114, 288, 571, -284, -388, -399, 260, 44, -155, 353, 299, -107, 408, 283, -223, 266, -386, 272, -273, -2, -378, -76, 481, 193, -307, -568, -390, 575, -399, 264, -304, -7, 583, 319, 120, -85, 42, -442, 531, -278, -109, -258, 140, -334, 77, -129, 88, 180, -215, -58, -41, -495, -210, -300, -61, 341, -130, 107, 98, -166, 406, 231, -418, 515, 433],
[-581, -290, -191, 127, 353, 127, 98, 369, 574, 207, 152, -177, -545, 50, -117, 136, -432, -425, -210, 480, 124, 316, -427, 182, 466, -90, -313, -406, -558, -163, -160, 569, -86, 28, -174, -371, 146, -336, 294, 279, -95, 227, -25, -386, 70, -599, 308, -399, -394, -91, 470, -573, -9, 339, 313, -590, 433, -493, -1, 425, 592, 114, 545, 571, 40, -335, 508, 374, 46, 31, -302, 37, 592, -403, 36, 420, 397, -190, -303, 493],
[-79, 124, 328, -214, 447, 14, 250, 509, -12, 499, 489, -164, 287, -434, 22, 44, -189, -161, 200, -46, -216, -367, -28, 465, -372, -155, -586, 470, 275, 255, 572, -152, 454, 80, 22, 29, 189, -581, -26, 465, 219, -482, 481, 61, 223, 102, -572, 196, 206, -155, 524, -9, 551, -114, -223, 341, 245, 535, 53, -110, 262, 23, 544, -535, -535, 465, -430, -441, 95, -348, 103, 251, -382, 46, 511, -593, 163, -305, 512, 151],
[287, -332, -434, 376, -504, -159, 290, -358, 415, -113, 470, -269, -252, -216, 434, 474, -73, 450, -6, -408, -260, 399, 536, 80, 105, 484, 202, -322, -444, 370, 116, 168, -192, -449, -166, 313, -352, -475, 306, 589, 6, -73, -265, 51, 428, 336, -50, 142, 289, -369, -101, 30, 176, -153, 432, -275, -462, 1, 193, 585, 143, 270, 185, 305, 224, -512, 146, -62, 533, 43, 512, -204, 538, -106, -206, 125, 125, -91, 528, -449]]