-25
-127
-4
1
-14
-17
-45
-73
104
19
106
98
-39
-68
28
-89
-43
35
99
150
14
-92
-144
-42
28
94
-4
101
-13
71
23
-40
63
79
-38
-107
87
-66
-15
-115
-6
-4
79
-55
49
105
-4
-38
-94
85
-31
-3
-55
-10
161
4
35
-10
-106
27
-12
13
14
-71
142
137
-64
-108
86
19
-28
-32
-76
114
-50
107
-89
33
9
-86
74
-99
107
-13
-60
73
7
10
-14
54
47
101
-58
-54
-21
60
45
7
9
-36
-4
111
-36
5
-143
-66
11
46
-68
-112
72
17
82
16
-37
36
-22
25
42
-28
172
-22
-142
-13
1
-16
153
0
19
-4
-5
-60
148
-10
6
-68
-57
41
48
57
-63
3
56
-20
80
27
-92
-35
75
42
7
60
-29
-69
63
-52
-4
30
97
149
98
-34
-32
11
-34
-17
-39
41
-41
26
27
-1
-50
61
-41
-20
108
85
-79
134
-54
-65
18
62
-76
-21
90
-116
100
16
-36
2
-26
-8
-44
-103
34
39
19
-15
0
138
-17
74
23
-153
-43
18
-129
45
34
30
-61
8
59
-29
-87
127
60
61
-63
50
67
68
-49
-134
-31
96
-25
92
-101
62
-13
145
68
83
53
-9
35
-38
-47
48
13
79
-69
-29
62
94
-38
-23
83
71
51
95
51
-46
-36
-63
-25
-20
-140
30
146
0
-139
143
-103
4
1
32
44
-54
-8
-63
60
-151
136
30
18
-28
87
-5
-24
86
40
49
-12
56
13
74
-125
-16
12
-16
105
-28
-56
-22
-31
-50
47
-55
-79
-79
48
23
59
33
31
58
-103
-65
93
-30
40
-146
47
-57
52
8
-10
-76
-22
-80
18
24
-59
-49
75
-48
-131
28
-10
123
-3
4
-39
5
-28
58
-40
-29
-82
15
-184
-101
-67
-92
24
114
-82
-51
17
-86
2
118
21
-28
82
110
56
-56
7
-80
-65
-1
-4
29
45
-58
84
44
-117
39
-10
53
50
120
99
-150
-42
132
78
49
-168
-3
-56
62
-40
-104
-19
-16
-40
6
-2
-103
79
-41
168
-93
-13
11
-9
44
59
81
98
13
3
-71
88
0
-34
101
-46
-34
19
73
43
-54
-20
-37
31
-39
19
-126
-59
-126
107
15
-68
120
-4
-28
-74
-10
54
70
-38
45
109
15
-44
-52
-22
32
-73
124
4
-53
-11
97
11
-61
-1
4
-77
19
-43
48
-37
85
76
-16
106
53
-3
107
79
3
19
-5
-33
104
77
-20
-29
-189
-8
-53
-116
74
-54
22
6
-86
105
57
10
97
60
-180
141
-100
15
103
-39
48
-47
62
-87
20
6
-16
34
16
-51
-35
100
31
-141
81
-43
52
-48
-9
-105
-17
10
-155
-84
102
78
61
-41
-9
92
22
21
47
-85
-17
142
147
49
-94
-24
58
119
-108
-3
8
-67
-123
88
-12
-67
53
34
8
-7
21
-5
60
104
13
65
50
1
-27
82
50
52
-74
50
-71
-15
-15
-99
-28
-45
-23
-31
-104
68
34
26
122
-68
-27
-39
-167
12
51
-146
-68
36
36
7
-52
1
-141
-97
-45
-30
-19
-23
33
-19
33
190
-59
-5
-9
27
6
0
-148
-29
92
-102
81
-71
-20
-40
-66
78
-36
-1
-81
-7
66
-14
38
49
3
-39
10
65
-15
4
52
-43
-9
92
33
7
-62
105
20
70
-131
117
27
-4
58
-74
96
-14
6
-108
13
134
-11
59
23
127
-73
16
7
-242
8
40
133
-93
72
-96
116
-62
-1
-47
37
20
38
52
46
-19
-81
62
104
112
-27
-15
-80
-122
-8
127
-22
11
97
5
20
-55
-10
-14
-40
29
27
-104
-73
91
84
109
-139
-13
-8
157
-105
61
71
46
23
-12
1
23
-125
119
38
23
28
-34
155
72
46
-81
31
38
25
78
13
-19
-77
-58
-29
87
7
6
-79
48
61
-47
1
-14
-41
-47
-19
-25
95
11
-30
-90
68
32
-28
27
-104
-66
15
-41
-67
-15
-105
-3
-10
-2
19
-16
-54
12
-68
97
53
-54
50
-40
-43
-37
18
92
84
-57
-13
-33
22
58
5
-32
-27
54
-44
167
-43
63
-23
-16
30
-35
-14
-15
-10
-99
-83
48
11
-15
-60
-119
8
18
65
-25
-64
-93
-161
101
-65
96
39
-7
-141
-16
27
-21
-26
3
27
144
-133
-72
63
-2
44
-50
139
-30
-57
-35
24
-25
67
49
-96
27
116
17
74
49
-74
237
33
21
46
-69
58
27
37
47
-63
19
-54
134
87
30
-42
46
6
15
27
18
40
-40
-89
-69
-49
-96
63
12
-18
5
22
-6
110
-110
72
-59
71
-66
-67
10
-46
104
7
-115
66
-7
27
-110
49
-70
72
-43
98
109
-105
-82
54
-20
84
63
32
81
18
-19
31
-66
-79
-53
-11
30
-34
38
-98
-9
43
-33
-106
-114
-24
-141
84
16
39
-105
32
82
-24
12
48
-4
-35
60
-69
-29
-27
-51
34
1
-28
-52
76
15
132
-17
-53
44
3
102
97
-122
-4
-18
91
104
35
-5
-83
10
57
-60
-23
-6
-38
-119
4
123
-18
-66
-74
-26
60
-15
38
-28
26
52
-28
11
53
31
130
-71
53
-104
77
31
21
-15
-64
-86
-20
97
