10
-27
6
6
-1
-2
-3
-14
31
29
-24
60
11
-17
17
-19
-30
9
44
35
48
3
-21
-6
-3
23
19
37
0
-10
19
-1
-17
16
24
18
-14
-94
44
-11
47
-3
66
41
15
36
-11
37
12
87
5
49
4
42
24
-39
22
-14
11
-26
47
2
20
-60
34
10
50
10
-5
-6
56
20
45
16
50
98
-51
-4
66
13
-8
28
46
22
1
-1
-9
-23
37
0
-17
33
12
0
-60
5
-1
3
56
-19
-60
32
-20
-35
-41
-17
19
-10
-13
3
-23
-24
13
-30
18
2
2
-49
10
5
71
20
-48
-5
-10
20
-18
6
2
3
32
62
-17
-9
40
3
6
2
-6
38
-13
-10
-11
32
15
75
-32
7
64
17
30
20
-41
-23
18
2
-8
68
27
-6
31
3
-13
6
46
-9
18
45
26
6
-12
0
44
25
44
80
-5
63
-41
-12
31
-57
-10
-16
38
-25
-2
-22
6
-42
24
23
3
1
9
41
-43
45
-11
-35
15
-24
-4
-47
0
-9
-29
-34
-10
34
21
29
22
-37
51
-15
-13
-50
2
28
-2
-35
14
12
-34
-18
-23
37
29
-5
-38
45
73
0
30
21
49
0
8
8
22
-40
-5
5
61
-18
-5
32
45
3
5
22
27
24
32
-29
26
-44
-12
28
-37
87
32
-2
-19
1
-64
-43
-1
-8
23
-10
21
18
75
5
38
-37
-15
-17
-2
-2
-33
26
13
-56
10
11
40
59
-17
-21
-30
5
0
-14
8
-20
18
-26
33
12
-3
-63
1
26
37
2
-1
-58
-16
-44
-4
-29
42
-13
3
-2
10
10
8
0
65
-14
19
12
-20
-25
-4
25
-44
-6
34
21
34
-15
40
-16
-4
13
49
17
-15
7
9
14
7
19
-50
20
7
-26
51
-8
-27
-2
-2
-26
3
-48
-5
-6
-22
3
4
59
-2
6
59
-26
1
-3
-14
33
31
-52
47
23
-16
31
1
34
-3
57
-75
42
17
15
-79
-19
-50
4
20
46
-14
-93
0
39
24
38
54
-19
-11
-1
68
22
-1
-4
0
-21
24
-6
60
-37
36
17
-45
-33
-27
-16
-23
18
63
22
-46
-10
28
-30
0
79
12
58
36
-36
-22
3
50
46
3
54
-37
-14
-8
10
-22
-23
19
14
37
-25
11
19
32
19
26
-54
-4
12
-17
20
-8
1
55
21
2
24
43
7
34
31
-31
22
-24
57
-11
51
6
39
19
-17
-28
43
73
-31
10
-8
70
46
-20
14
-6
-8
54
36
33
-32
-35
13
10
47
23
54
49
18
49
15
13
-6
11
18
-51
-29
-28
59
-21
-44
-63
-37
0
-22
36
28
13
-7
-14
-20
-38
4
10
8
38
16
14
5
13
8
20
-23
10
24
-1
12
-39
-5
8
-19
-9
11
-40
-8
41
-78
14
50
81
-35
36
69
-31
17
62
-17
-31
23
38
-1
20
24
-22
2
48
12
25
-50
56
-1
20
16
29
-38
-50
2
34
62
-11
29
63
-7
2
24
-35
-36
9
-36
12
-71
5
23
-20
-10
14
-51
26
-24
37
21
-18
61
-37
2
2
14
18
20
25
-32
-50
9
-18
-57
-9
-2
-10
-28
4
23
-16
-48
1
15
-34
70
14
-39
-10
-31
6
22
46
-9
33
14
-5
-6
67
-40
14
13
26
32
-44
45
31
28
-37
6
36
-32
9
24
-44
24
40
48
4
22
-23
12
-41
-6
38
-25
-16
-29
1
25
2
-10
32
33
63
-29
11
5
-49
-17
-1
-10
-2
-4
47
54
-27
-5
-49
-3
-32
-2
5
27
15
37
47
17
-50
-7
11
57
-33
-5
-17
32
-23
13
72
-11
45
-6
21
40
12
-30
34
-76
3
-5
-47
15
1
65
-6
-3
-50
-43
-12
-13
-24
-14
-2
71
4
-7
-29
-19
-58
44
-9
43
46
-43
-38
22
37
11
53
-29
-64
11
-28
-12
-63
-24
6
-34
46
3
-24
19
-49
-20
-18
30
12
41
28
-26
7
-13
19
2
-97
43
-4
15
20
-8
3
0
-24
19
-28
2
23
21
-50
18
-40
-28
-31
-4
30
-27
-11
24
41
8
11
11
43
-25
2
2
0
36
-14
-29
69
-31
24
-39
57
16
-9
-7
-9
-2
10
-7
-26
29
-33
-20
7
11
8
-30
50
-10
23
24
-7
-63
14
-16
30
0
40
18
-33
-8
-19
4
-19
-49
-26
10
28
-11
-21
26
50
-12
-2
87
32
-8
3
35
-11
-44
-15
-25
-3
36
-28
11
12
56
47
-26
6
-29
-44
97
48
-11
-4
-49
74
-17
46
5
14
-28
37
-4
-9
7
-44
20
32
39
44
-5
39
32
21
7
52
4
-27
0
-54
23
-26
12
21
-14
9
40
-4
30
-18
29
-17
-1
5
-47
-55
-34
6
-4
7
-19
19
28
-2
-13
-22
5
20
-11
2
-48
57
36
13
59
-10
-11
52
18
-25
-18
-4
14
45
64
17
-10
-3
-10
3
5
34
-2
15
-3
10
25
-6
-33
2
7
4
13
-11
18
48
14
-41
-12
40
7
21
5
-14
-20
71
-52
-44
11
20
27
-19
-24
37
9
-18
40
1
