[[485, -393, 59, -126, -580, -533, -72, 483, -418, 315, -448, 527, 163, -554, -197, -174, -572, 292, 429, -167, -600, -446, -80, -350, 330, -135, 520, -289, 363, -532, -375, 201, -131, -446, -377, -103, -496, -199, 188, 543, -240, -217, -448, 69, -431, 457, -426, -345, -154, 469, -549, -209, 28, -581, 47, -151, 558, 183, -13, -124, 137, -418, 159, 125, 14, 79, 321, 68, -495, 54, -186, -527, 583, 546, -511, 46, -206, -62, 326, 429],
[-485, -150, -266, -86, -548, -391, -63, 444, -191, 288, -41, 0, 85, -170, 107, 342, -113, -484, -230, -85, -427, -445, 555, -475, 421, -249, -94, -318, -131, -206, 34, -55, -494, -17, -237, -498, 195, 262, 371, -389, -542, -453, -329, -523, -342, -228, -353, 265, -497, -347, 387, -379, -125, 135, -193, 421, -249, 323, 227, -466, 465, 102, 31, 76, -486, 86, 449, 266, -419, -463, 577, 465, 589, 93, 104, -121, -525, 41, 421, -567],
[-125, 167, 220, 582, 294, 153, -293, 309, 158, -432, -351, 44, 210, -328, -243, 347, 446, 299, -352, -473, -514, 181, -531, 540, 177, -597, -57, -102, -169, -532, -600, 446, -511, 412, -361, 159, -120, -8, -573, 532, 502, 592, -235, -367, 90, 210, 340, -140, 523, -172, -311, 343, 398, 53, -129, 34, -467, -134, -557, -59, 573, 109, -188, -402, 509, -165, -403, -419, 233, 468, -526, 83, 184, 228, -444, 290, -80, -50, 75, 175],
[43, -107, 373, 256, 192, -121, -321, 112, 578, -281, -202, -119, -451, -23, 398, -470, 337, -511, -189, 340, 548, 553, -192, -293, 197, -39, 170, -275, -113, -142, -531, -155, 59, 535, -352, 31, 363, -256, 55, -190, -78, 384, 176, 493, 367, -163, 500, 486, -337, 13, 521, -529, 95, 1, 429, -514, -14, 371, -321, -352, 73, -85, -393, 307, -298, -470, -111, 49, 478, 165, 446, 155, 83, 109, -386, -339, 65, -352, 148, -583],
[-386, 5, -480, 61, 374, -264, 75, -471, 411, -478, -163, 314, 487, 311, -499, 91, -414, -457, 446, 313, -367, 77, 515, 207, -59, 406, 581, 389, -77, -351, 437, -422, -354, -564, -545, -325, 76, -489, -458, -139, -477, -6, 565, 268, -446, -293, -121, -438, 283, 333, -228, 563, -388, 579, -222, -365, 485, -402, 305, -530, 506, -533, 449, -84, -202, -103, -543, 143, -58, 62, -219, -180, -63, 45, 177, -104, 516, 35, 243, -30],
[-192, 30, -36, -250, 537, -587, 229, 331, -330, -192, -216, 336, -581, -240, 360, -384, -35, 250, 210, -125, -225, 53, -447, 540, -518, -284, 20, 24, 108, 169, 146, 443, -325, 50, 515, 10, -423, -253, 181, 225, 422, -180, -596, -69, -55, 465, -492, -247, -444, 14, 26, -244, -184, -137, 524, -408, 298, -449, 313, -131, -590, -116, 556, 326, 54, -248, 13, -173, -485, -199, 402, -110, -558, 28, 315, 307, 555, -583, -3, -409],
[204, -161, 13, -539, 449, 324, -138, 555, -331, -488, -590, 547, -26, -417, -220, -552, 483, 538, 15, -365, 498, 177, -317, -465, 287, -561, 337, 202, 30, 10, 142, 109, 490, 205, -320, 170, -587, -397, 471, -434, 399, -240, -208, 448, -526, 44, 411, -175, -326, 228, 520, 81, -288, 319, 494, -533, -126, -589, 586, -296, 181, -376, 336, 575, 341, 558, -378, 525, -541, 184, -57, 531, 363, 225, -201, 218, 502, -349, -423, -92],
[-594, -169, 361, -63, -180, 450, 100, 59, -580, 80, -254, -385, -338, -542, 527, -230, 71, -504, -98, 139, -33, 483, -88, -96, 85, -561, -186, -529, 258, 294, 318, -332, 300, 301, -70, -535, -364, -284, -517, 223, 445, -45, -545, 0, -420, 205, 419, -26, -113, -118, -360, -458, 83, 246, 84, 117, -33, 125, -409, -408, -408, -333, -577, 358, -550, 154, 333, -577, -230, -315, 564, -48, 200, -267, 11, -198, 189, -407, -260, -281],
[-429, 491, -381, 579, -278, 328, 510, 47, -486, 179, 447, -533, -540, 580, 248, -226, -300, -319, 461, 224, 82, -188, 159, -332, -366, 338, 0, -95, 495, -491, -35, 210, 150, 599, 444, -252, 586, -545, 572, 417, 476, 301, -537, -87, 326, -320, 95, -218, 538, -433, 539, 486, -538, -22, 74, -195, 449, -508, 586, 396, 191, 286, 191, 181, -249, -450, -195, -467, -365, 109, -472, 376, 89, -420, 0, -12, -49, -61, 56, -29],
[192, 120, 390, 503, 434, -487, 559, 501, -175, 238, -413, -257, 449, -415, 187, 218, -56, 536, 409, -327, 239, -518, -337, -59, -545, -291, -326, -256, 437, 571, 343, 147, 142, -256, 567, -142, 496, 183, 296, -407, -398, 459, 449, 219, -430, -347, -199, 359, -374, 574, 128, -207, 181, 76, 89, 589, 538, -492, 373, -243, 345, 375, 193, -526, 24, 298, 404, 493, 161, -277, -56, 185, -192, -551, -181, 520, -109, 562, -591, 13],
[556, 253, 582, 489, -403, -82, -379, 328, -171, -88, 274, -85, -301, -134, 424, 407, -451, 230, 502, 444, -371, -499, -540, 56, 19, -238, -345, 76, -398, 223, -177, -485, -318, 144, 46, -70, -549, 103, -302, 594, -410, -404, -106, -338, 366, -266, 133, 531, -449, -252, -518, 286, 245, -508, 152, 398, 63, -567, 591, -529, -54, -440, 246, 514, 43, 299, -478, 6, 262, -243, -596, -193, 502, 27, 37, 411, 468, 49, 185, 198],
[328, 447, -597, -208, -61, 418, 556, 417, -108, -47, 364, 87, -251, 105, 306, 220, -201, -430, 178, 110, -387, -235, -238, 318, 152, 11, -358, -96, 134, 349, -44, -304, 86, 355, 233, 53, 234, -253, 76, 365, 271, 69, 136, -585, 147, -488, 152, 418, -331, -384, 420, 285, 274, -236, -221, 455, -464, -273, 203, 487, 573, -338, -348, -253, -125, -496, 121, -442, 113, 426, -551, -200, -502, -308, -9, 515, 28, 361, 30, 249],
[224, 109, 446, 564, 542, 508, -401, 363, -287, 69, 103, 190, 517, -125, -324, 387, 169, 181, -126, -372, 398, 245, 299, 130, 110, 177, -269, 1, -230, -176, -19, 559, 7, 287, -547, 521, 361, -337, 206, -382, -599, -572, -443, -9, 206, -456, 223, 79, 3, -490, 268, -46, -369, 217, -171, -159, 7, 546, -224, 477, -135, -485, 271, 538, 284, 451, 161, -474, -267, 33, -524, -100, 486, 560, -412, -78, -363, -368, -231, -71],
[26, -332, -38, -119, -94, 226, 476, 0, 153, -446, 398, -165, 340, -439, -173, -543, -270, 64, -38, 371, -289, -371, 249, -292, -218, -48, 216, 355, 303, -556, 385, 450, -320, -137, -510, -312, -465, 81, 332, -590, -478, -214, 329, -203, -376, -211, -104, -52, -143, -410, -484, -188, 238, -184, 6, -383, 461, -311, -263, 548, 449, -578, -262, 84, 114, -242, 199, 479, 553, 64, -123, 66, 379, 292, -59, -13, -84, 411, -374, -545],
[461, -346, -215, 376, 489, -466, 562, 99, -544, -71, 60, 347, 180, -481, 32, 305, -125, -354, 278, -333, -496, -507, 13, 456, -554, 282, -61, 105, -28, -136, 219, 308, 477, -558, -473, -332, 320, 22, 96, 484, -167, -27, -4, 365, -497, -212, -571, -64, 108, 182, 208, 88, 285, 311, -404, -563, 317, -424, 253, -448, 557, 508, -322, 527, 273, -263, -459, -143, 260, 65, 261, 489, -491, 574, -145, -501, 332, 376, 520, -425],
[299, 163, -201, 459, 570, 478, 527, 286, 183, 391, -595, 82, 235, 350, 294, 77, -354, 297, -540, 377, 445, 469, 143, 218, -517, -228, 280, 595, 219, -532, -222, 373, -182, 402, 188, -31, -376, -421, 62, -389, -193, -277, -458, 194, -425, 591, -364, 414, 177, 557, 157, 125, -100, -558, 385, 341, -133, -598, 336, 439, -183, -354, 275, 363, -405, -597, 515, -450, 141, 354, -391, 47, -150, -323, 141, -235, 153, 215, -368, 486],
[482, -596, -248, -34, -583, -83, -524, -444, 141, 165, -433, 416, -184, 10, 143, -304, 18, -362, -260, 311, 517, -336, 30, -317, 91, -349, 36, -487, 335, 172, 182, -216, 92, 474, 221, -232, 118, -573, 547, -92, 77, -548, -175, 470, -380, 292, 111, 257, 473, 447, -51, -158, -361, -20, -291, -270, 433, 318, -502, 395, -286, 564, 272, 509, 211, -475, -40, 423, -228, -390, -405, -236, -536, 523, 8, 190, -561, -548, -559, -234],
[-338, 361, -152, 62, -582, -530, 86, 79, -487, 525, 126, 347, -265, -309, -303, 3, 80, 74, 537, -409, 35, -364, -451, -173, 457, 286, -69, 158, -470, 88, -366, 317, -385, -509, -483, -583, -70, -181, -136, -328, -559, -452, 562, 60, -525, 107, 112, 576, 171, 575, 427, 81, 466, -419, -278, 123, -201, -531, 276, -109, 236, -299, 224, 517, -93, 545, -354, -358, 481, -219, -445, -469, -151, 116, 505, -10, -399, 4, 78, -257],
[108, -331, -268, -105, 58, -485, -36, -582, -3, -190, 43, -379, 497, 576, 436, 238, -377, 83, 186, -54, 76, 10, 458, 118, -413, 118, -534, -139, -564, 392, 514, 590, -209, -369, -185, 331, 505, 597, -293, 131, -545, -450, -73, 258, -573, 150, 212, -141, 424, -584, -180, 306, 308, -369, 442, -40, 445, 284, -434, 67, -350, -560, 387, -18, 501, -143, 433, 378, -25, 415, -269, -579, 534, 48, 95, 163, -57, -325, 251, 549],
[94, 512, 134, 153, 237, -231, 20, 99, 154, 454, -443, -480, 396, 128, -584, 213, 73, -325, -70, -587, -21, 211, 586, 504, -265, -511, -240, -310, -129, -430, -205, -252, -367, 508, -353, -468, 442, 163, 383, -136, 170, 498, 438, -3, 75, -518, 33, -412, -339, -207, -229, 487, 203, -119, 11, -187, 218, -15, 24, -361, -195, -60, 414, 420, -352, -467, -548, -249, 37, 412, -105, 499, -115, 347, 422, 284, -237, 176, -342, 327],
[-14, 433, -261, 287, -549, -476, 456, -110, -106, 238, 465, -234, -486, -74, 12, -67, -515, 411, -504, -107, -152, 411, -450, 198, -418, 85, -194, -209, -123, -102, -371, -202, 322, -507, 452, -140, 208, 417, -306, 135, 75, 207, 486, 198, -72, -230, 535, -531, -138, -256, 402, 443, -217, 159, -216, -460, 322, -301, -562, 570, 402, -163, -365, -493, 468, 471, 319, -345, -370, -253, -579, -405, -97, 69, 75, 121, 327, 120, 449, 220],
[263, -215, -131, 507, -377, -88, -272, 463, 109, 512, -308, 476, 449, 225, -83, -170, 279, -307, -460, 464, -289, -149, -160, 164, 17, 111, -467, 243, 120, -481, -374, -263, -454, -315, -583, -203, -365, -145, -103, -74, 501, 453, 581, -444, -92, 324, -329, -475, 234, 305, -186, 426, 481, -35, -209, 502, 331, 244, 449, -492, 169, 102, -108, -168, -78, 242, 564, 189, -458, -200, -469, 25, 240, 570, -53, 373, 349, 154, -544, -534],
[424, 269, -421, 518, 283, -348, -120, 570, 200, -316, 549, -232, 34, 459, -224, 248, -345, -208, -254, -109, 232, -203, -69, -518, 552, 441, 564, -159, 357, -445, -16, 541, -79, 308, -56, 67, -430, 194, 162, -85, 502, -508, 361, -403, -535, 43, 305, 156, -213, -495, 420, 231, 489, -511, 270, 195, 24, 579, -166, -514, -390, 281, 425, -55, -515, -254, -150, 598, -584, -64, -61, 86, -10, -469, -183, -293, 211, -427, -502, 298],
[-71, 85, -415, 189, -57, 416, 573, 137, -425, -271, -368, 381, 553, -179, 412, 106, -109, 342, 497, -125, 61, -531, 5, -2, -100, 163, -343, 373, -160, 238, 67, -210, 523, 373, 363, 581, -343, 478, -37, -264, 288, -354, -490, 406, 407, 64, -269, -447, 567, 517, 232, 63, 222, 524, 374, -404, -63, -469, -195, 71, -75, 587, 270, -454, -215, -316, 21, -331, -503, -213, -387, 361, -124, -473, 117, 220, 349, 1, -401, 229],
[-235, 350, -599, -265, 142, 262, 598, 268, -439, -321, -91, -399, -535, 122, -483, 293, -13, 565, -308, -12, 345, -211, -307, -96, 567, -492, 498, 137, -413, -89, -338, -317, 323, 192, -325, -570, 434, 148, 394, -445, -432, -460, -269, -363, -241, 126, 494, -429, 165, 178, 492, -116, -85, 257, -512, -488, -272, 142, 310, -379, -447, 219, 326, 472, -439, 278, -544, 540, -286, 379, 207, -101, 30, 219, 485, -120, -539, -232, -149, -491],
[539, -178, -375, -501, 455, 97, -363, -553, -287, -149, 113, 14, 39, -93, -200, -147, -313, 15, 564, 66, -443, -287, 376, 595, -468, 170, -89, -290, -359, -600, -44, -361, 420, 99, -260, -488, -242, 365, -89, -156, -124, -483, 339, 232, 523, -266, -146, 320, -154, 600, 227, -534, -320, 12, -468, 568, -429, 555, 36, 491, -599, -348, -156, 319, 188, -28, -143, -489, -377, 506, 471, 56, 283, -167, 351, -565, -65, -314, -486, 62],
[513, 283, -457, 257, 80, -114, 428, 469, -78, -257, -392, -235, -320, -338, -109, 391, 14, 141, -427, 598, 20, 167, 224, -25, 290, -109, 576, -197, 412, 497, -63, -490, 376, -124, -591, 299, 175, -494, 311, -519, -542, -275, -330, -160, 123, -96, 170, -17, -281, 24, 126, 271, -200, -151, 596, -460, -428, 557, -518, -180, -496, -386, 223, 1, -286, 493, -524, 431, 508, 18, -47, 393, 300, -99, -543, 309, 79, 35, 319, 573],
[-404, -53, -428, 548, -416, -324, 371, -194, -246, -596, -131, -404, 170, -357, -18, -392, 198, 278, 377, -454, 463, -377, -209, -318, -468, -571, 435, -426, -121, -436, -48, -406, -391, 297, -272, 539, 556, -9, -512, 572, 81, 31, -118, 582, -447, -54, -422, 4, -434, 570, 163, -571, -566, -268, 455, 258, 466, -429, -11, 341, 152, -497, -19, -145, -364, -37, 101, 88, -410, -570, -341, -396, -223, 238, -417, 340, 512, -492, -18, -491],
[-493, 331, -251, -180, 302, 264, 5, 261, 32, 445, 554, -282, -423, -383, -558, 13, -82, -587, 373, 272, 188, 455, 193, -274, 60, -126, -172, 2, -318, 52, -363, 288, 199, 490, -594, -269, -344, -440, 182, -76, 15, 325, 204, -156, -288, -151, 76, 246, 87, -63, -445, -29, 220, 480, 296, 40, -492, -34, 336, 531, 520, 154, -327, 391, -3, -448, 481, -267, 530, 398, 170, 251, -469, 436, -397, -462, 559, 346, -234, -51],
[517, 182, -212, 0, -317, 479, -456, 151, 537, 183, 349, 63, -145, 123, 548, 113, 482, -225, -442, 358, 55, 80, 231, 43, -39, -345, -131, 427, 571, -307, -119, -85, 251, 54, -290, -394, 204, 5, 505, 204, -594, 299, -11, -569, -170, -330, -247, 85, 208, 500, -295, -168, 331, -574, 180, 457, -105, 224, -108, 245, 0, 427, -105, 341, 284, -435, -309, -532, -29, 427, -346, -153, 181, 319, 28, 170, -171, 257, 454, -214],
[488, -475, 349, 425, 481, -430, -182, -44, -204, -26, -252, -285, -88, -426, 414, 522, -237, 300, -359, 592, 279, 114, -132, 514, -266, 600, 548, -402, 27, -592, 514, -206, -18, 395, -306, -349, 207, 567, 120, -8, 176, -134, 480, -138, -367, -267, 98, -503, -199, 293, -413, 491, -17, 401, -219, 400, 85, 552, 222, -599, 450, 113, 92, 12, 188, 521, -28, -23, -189, -543, 6, 455, 232, -21, -176, 401, -49, 542, -268, -425],
[-255, 548, 482, -226, 566, -106, 280, 43, 38, -224, -444, -275, 434, 111, -293, 102, -548, 475, -300, 535, -572, 573, -343, -252, 2, 465, 452, 482, -591, -549, 549, 139, 289, -484, -27, -284, -133, 226, 469, 508, -596, -152, 164, 370, -445, -166, 345, -106, 109, 250, 410, 522, -178, 177, -467, -48, 459, -274, 0, -127, -523, 398, -311, 374, -392, -14, -560, 460, -247, -408, 540, -242, -209, -223, 545, -150, -594, 523, -12, 558],
[502, 15, 235, 533, -158, -288, -404, -538, -320, -440, 91, -225, -471, -545, 422, 203, 508, 108, -472, 188, -121, -368, -160, -4, -198, -518, -192, -146, 180, 403, -16, -404, -500, -50, 239, 310, 106, -153, 173, -561, 145, 137, -253, 185, -321, -230, -188, 453, 518, -41, -483, 466, 436, -526, -388, 48, -216, -451, -323, -158, 472, -80, 496, -429, -186, 74, 471, 234, 308, 256, -366, -92, -278, -68, -47, -331, -391, -479, -420, 517],
[-186, 463, -296, -195, -125, 11, -130, -5, 534, 140, 471, 448, -415, 526, -45, -428, 201, 203, -522, 586, -271, -398, -218, -588, 370, -266, -223, -192, 243, -460, -503, 360, 446, 551, 160, -75, -34, 178, 525, -596, -332, 535, 125, 539, -210, -333, 274, 538, 126, -427, -460, 308, 31, -37, 477, 470, 204, 598, -225, -137, 397, -192, 107, 591, 478, -247, -259, 93, 65, -367, -105, -230, -153, 16, 75, 379, 345, -334, -588, 401],
[427, -489, -235, -502, -264, 333, 50, -529, 366, -37, -35, -362, 119, -556, -86, 430, -509, -481, -154, -87, 477, -412, 121, 121, 367, 246, 93, -43, 225, -310, -233, 301, 365, 316, 381, -150, 53, -2, 126, 459, -336, 453, 583, 81, -325, -573, 565, -305, -51, -450, -534, 581, -536, 499, 320, -126, 539, 267, -309, 208, -369, 128, 74, 324, 218, -350, -340, 453, 123, 524, 567, 124, -451, -474, -50, 440, 167, 200, 498, -177],
[302, 132, 595, -11, 184, -455, 54, -514, 171, 20, -61, 154, -556, 247, 543, -532, -495, -193, 253, 395, -534, 112, 332, -46, -110, 205, 512, -438, -53, -97, 472, -590, 48, -491, 291, -78, -188, -151, -589, 365, -482, -252, -539, 15, -247, 503, 365, 577, -236, -248, 402, -553, -244, -404, 247, 86, -459, -23, -313, -160, -35, -252, -384, -292, 453, -470, 404, 47, -351, -200, 111, -540, -407, -122, -451, 478, 340, 81, -386, -452],
[296, -351, 548, 294, -174, -143, 462, 270, -69, -41, 424, 90, -387, 414, 210, 4, -595, -507, 565, 425, 404, -594, -173, 126, -340, 187, -478, 259, -281, -158, -157, 41, -264, 215, 541, 433, -520, 205, 594, -83, 433, 305, -598, 578, 335, -547, -202, 111, -109, -450, -597, -435, 330, -216, 222, 294, -189, 61, 572, -45, -247, -306, 75, 39, 197, -222, -142, 311, -544, 331, -119, -238, -381, -431, 228, 525, -566, -560, 423, 550],
[217, 283, -19, 389, 63, -217, -445, 442, -178, 335, -162, -256, 221, 121, -487, 593, -532, -355, 277, 435, 187, -49, -399, 217, -592, -242, -354, -350, -442, 273, 146, -161, -270, -54, 279, 50, 439, -426, -27, 359, 157, -337, -177, 259, 259, -18, 263, 513, -145, 320, 274, 434, 340, -15, -311, -53, -111, 563, -294, -283, -477, -438, 290, -62, -460, -109, -423, -123, 580, -417, -516, 180, 502, -104, -549, -254, 128, 421, -489, 511],
[-176, 591, 365, -233, 135, -443, 366, 326, -274, 240, 463, 248, 456, 135, -14, -184, -520, 489, 226, 267, 112, 585, -309, 436, -226, 589, 399, -537, -87, -438, -488, -508, -518, -287, -396, 197, 462, 398, -463, 200, -110, -157, 476, 5, -285, -24, 21, -572, 169, -4, 5, 450, -592, -38, -487, 2, 429, -83, 312, -459, 304, -118, -197, 323, -567, 318, 474, -539, -240, 167, 303, -542, -463, 309, -418, -598, 29, 182, 163, 495],
[-547, 589, 293, 44, -344, -306, 553, -27, 489, 220, 147, 208, -561, 255, -305, -114, 512, -448, 139, 272, -569, -143, 343, 397, 280, -219, -105, 28, 313, 550, -303, -395, -520, 116, -239, 3, 358, 306, 299, 76, 599, 75, 574, 292, 227, -38, 35, 214, -168, 395, 269, 121, -543, 108, -336, 11, 141, -246, -239, -122, -500, 39, 92, 489, -517, -307, 126, -313, -206, -193, 519, 123, -37, 92, 76, -260, -143, 40, 374, -529],
[140, 507, -7, -563, -583, 592, 515, 266, -223, 599, -504, 456, -127, -209, -325, -27, -361, -565, 0, -138, -338, 597, 70, -355, -56, -334, 597, 243, -84, -361, -479, 157, -583, -266, 352, 415, -194, -511, 314, 263, 573, -293, -348, -479, -441, -307, 513, 405, -232, -190, -282, 322, -310, -16, 460, -584, -144, 581, 53, -93, -203, -433, 164, -43, 300, -281, 187, -540, 570, -254, -442, -472, 325, 508, -592, 354, -450, 165, -505, 19],
[-99, 307, -187, -473, -486, 167, 170, -319, -62, -467, 498, 368, 560, 57, -413, -459, 255, -17, 468, 240, 231, -565, 159, 434, 340, 160, -56, -322, -189, -113, 515, 0, -102, -49, -282, -193, 172, 408, -340, -526, -415, 193, -584, 382, 291, 538, 248, -207, -381, 461, -167, -553, 89, 70, 195, 563, -468, 254, -19, -132, -564, 199, 205, -9, 149, 565, 175, -137, 516, -40, 422, 581, 378, 69, -447, -512, 585, 19, 471, 121],
[-591, -149, -361, -308, -347, -175, -597, -249, 371, -494, -98, 539, -310, -320, -345, 98, -40, 431, 433, 151, -226, 348, 206, -237, 502, -507, 556, 78, -381, 305, 385, 464, -520, 446, 248, 20, -375, 129, -434, -197, 194, 197, 540, 548, -466, -468, 83, 507, 589, 319, -564, -403, -127, 260, -283, 451, -9, -152, -287, -532, 521, -293, -173, -310, 66, 342, -212, 99, -124, 222, 487, -329, 114, 494, 518, -477, 133, -578, -179, 39],
[-557, -136, 33, -183, -582, 142, 404, -486, -471, -482, -251, 119, 190, -476, -238, -6, 34, -365, 509, -368, 265, -490, -277, 283, -490, 462, 514, -526, -67, -363, -79, 575, -572, -425, 248, 133, -178, 157, 27, 90, -523, -313, 403, -431, -255, -72, -571, 438, 138, -155, 239, 587, 469, -479, -585, -584, -531, -87, -36, -22, -266, 50, -110, -81, -387, 226, -539, -440, -537, 165, 201, -532, 186, -89, -4, 431, 353, -433, -224, 48],
[247, 430, 50, 14, -502, 102, 265, 299, 447, 532, 147, 178, -492, -435, -391, -402, 321, -417, -536, 317, 98, -352, -128, 483, 297, -45, 166, -180, 374, 487, -37, -359, -471, -556, -569, -541, -566, -375, 597, -386, 596, 354, -324, -128, 456, 439, -24, 504, 590, 91, 93, -283, 284, -584, 433, 27, 164, -158, -109, 531, -476, 577, -503, 135, 6, -121, 160, -550, 298, -340, 437, -165, 480, -422, -42, 297, 162, -392, -406, 340],
[-136, -554, -289, -10, 550, 376, -333, -304, 217, -74, 252, 427, -333, 471, 218, 428, -408, 430, 143, 576, -333, -286, -80, 545, 516, -273, 324, 558, -461, -70, 418, 382, 175, 388, 22, 364, -447, 90, -123, -337, 575, 348, 482, 440, -389, -291, 405, -123, -8, 317, -413, -581, -580, -221, -462, -115, 598, 317, 575, -25, 399, -155, -479, -116, -158, -10, 272, 370, -233, -600, 122, -560, -397, 84, -365, -191, 570, 397, -554, -198],
[84, -459, -47, 554, -25, 66, -311, -203, -359, -117, 395, 463, 435, 293, 209, 291, -199, 233, 49, 188, -211, -53, -41, -144, 54, 169, -70, 494, 82, -58, 88, 81, -73, -382, 530, -396, -577, -48, -65, 129, -118, 309, 51, -17, -529, 188, -307, 225, -83, 513, 199, -593, -478, 197, 83, -510, 515, 319, -178, -167, -280, -292, 88, -332, 94, 593, 221, -220, -206, 435, -381, -422, 495, -227, -322, 354, -132, -450, 374, -68],
[-297, 140, 499, -209, 498, -543, -254, 252, 52, -227, -58, -525, 57, 480, 549, -387, -401, 516, 382, 47, -83, 162, 237, -84, 163, -591, -550, 25, 439, 137, 154, 204, -188, 224, -451, -58, -317, 419, -447, -537, -80, 402, 154, 175, 193, 567, -258, -567, -527, -362, -406, 82, 346, 162, -468, 479, 286, -407, 182, 16, 22, 563, -388, -42, 138, -53, -252, -136, 202, -579, -196, -351, -151, -359, 252, 265, 94, -191, 304, -169],
[-325, 8, -133, -536, -222, 237, 20, -162, -493, 516, 294, -348, -385, 294, 218, 267, 119, 456, -537, 48, 450, -567, -295, -577, -586, -47, 104, 228, 562, 169, -103, 158, 131, 40, 447, 329, -580, -37, 85, -339, 278, -315, -461, 395, -86, -571, 199, 301, -47, 14, 79, 274, -287, -212, -112, 547, 392, 275, -357, -506, 522, 524, 155, 54, -138, 172, -577, -478, 127, 560, -139, 409, -127, -279, -400, 169, -459, 443, -397, -540],
[-151, -124, 185, 535, 561, -150, -171, 426, -151, -33, -68, 492, 311, -398, 585, 576, 137, 595, 167, -14, -309, -149, -590, 116, -392, -156, 449, 169, 550, -94, -19, 422, -595, -1, -251, -23, -197, -138, -417, -121, 151, -442, -64, -224, 430, -216, 584, -464, -261, 186, 237, 331, -83, -480, -463, 449, 0, -41, 484, -447, -134, -32, 449, 293, 173, -127, 431, -492, 568, -543, 412, 463, 454, -316, -194, -557, 102, 314, 242, 176],
[-85, -281, -492, -48, -451, 432, 382, -157, -351, -599, 179, -172, 540, -207, 509, 515, -354, 521, -107, -213, -588, -216, 175, -582, -110, 87, 527, 128, -324, 481, -255, 244, 192, 129, 543, -589, 429, 520, 499, -83, 552, -100, -320, 475, 557, -184, -296, -354, 63, -119, 160, -559, -290, -227, -509, 559, -408, -599, 115, -149, 210, 497, -600, 117, 546, -201, 159, -237, -413, -57, -80, 159, -381, 537, 503, 150, 187, -477, 564, 284],
[423, 221, -72, -457, -281, 172, -395, 342, -467, 425, -250, 475, -493, 161, 460, -289, 285, 206, 505, -16, 526, 305, 330, 422, -321, -185, -21, 398, -63, -149, -224, -162, -441, -440, -320, -555, -307, 584, -125, 360, -274, 81, 374, -511, -559, 584, -378, -362, -458, -600, -102, -237, -272, -125, 180, 318, -540, -28, -570, 161, -119, 104, 509, 329, -296, 274, 492, -309, 46, -595, -458, -339, 473, 117, 419, 248, 26, 510, 501, -170],
[453, -402, -497, 163, 436, -354, 453, -259, -395, -450, 486, 322, -387, 462, -217, 154, 599, 93, -222, 381, -434, 145, -516, 410, -549, -565, -48, 67, -331, 242, -532, 550, 190, -40, -151, -512, 493, 522, 443, 9, 64, 215, -265, 348, 222, 249, -152, 36, -390, -76, -358, 145, 542, -115, -193, 365, 497, 589, 12, -216, -140, -538, -181, -88, -593, 461, 567, 377, 149, -492, -71, 341, 491, 472, 210, -310, 8, -399, -320, 7],
[501, -389, 301, -576, -124, 510, 122, -160, -277, -496, -511, -181, 266, -158, 494, -52, -44, 489, 564, 491, -165, -583, 182, 32, -208, 101, -203, 537, 550, -345, -92, -334, -97, 464, -428, 141, -301, 347, 40, -92, 242, -433, 333, 542, 6, 437, -331, -18, -65, 279, -178, 474, -568, 367, -195, -130, -354, -290, 63, -465, 253, 400, 599, -584, 88, 567, 473, -442, -370, -167, -410, -30, -350, 171, 146, -513, -14, -285, -126, 254],
[16, 198, -127, -464, 2, -403, -1, 224, 378, 484, -371, -566, -504, -345, 201, 66, -563, -386, -320, 503, 292, -318, -431, -386, -59, 20, -148, 51, -534, -360, 407, -468, -471, 152, 197, 112, 332, -226, -508, -275, 58, 179, -5, -11, -532, -273, -283, -447, 468, 259, -512, 322, 200, 293, -167, -374, 34, 277, 427, 545, -478, 79, -270, 211, -517, 589, 165, -156, -357, -232, 53, 207, 102, 488, 359, 464, -394, 572, 255, -442],
[533, -512, -599, -452, -323, -92, -183, 459, -532, -90, -171, 327, 171, 457, -214, 3, 93, -501, 339, -456, -421, -357, 582, 341, 405, -90, -390, -392, -30, 153, 57, -435, 525, 450, -74, 282, -515, 203, -571, 53, 25, 561, 257, 153, 528, 274, -546, 249, -42, -534, 445, -30, -388, -158, -237, 197, -238, -569, -455, 404, 254, 192, 257, -216, 251, -410, -586, 519, 554, 507, -218, 400, -2, 350, -581, -150, 78, -390, 95, -469],
[469, 409, 221, 398, 369, -254, -379, -267, -536, -537, 28, -186, 188, 499, 130, -350, -204, -294, 373, 22, -101, -358, 142, 439, 277, -393, -193, 213, -218, -501, -194, 137, 48, 97, -536, 162, -537, 351, 341, 277, -445, -228, 99, 183, -594, 186, -74, 238, -536, 431, 119, -259, -280, -64, 461, 266, -320, 472, 221, -254, 53, 24, -454, -193, 236, 193, -240, -109, -513, -550, -411, 192, 535, 580, 482, -399, -400, -457, 392, 133],
[75, 487, -87, 75, -17, -482, 330, -305, -204, 58, 330, -508, -244, -391, -187, -294, -333, -305, -231, 246, 389, -301, -536, -508, -459, 195, -587, -579, -155, 17, -4, 28, 372, 187, -245, 461, -276, -338, -325, -448, -490, 590, -566, 64, 328, -248, -501, 125, -572, 557, -94, -347, -586, 521, -545, -302, -331, -485, -516, 378, 568, -527, -306, 540, -300, 470, 297, -532, 304, 589, 543, 222, 539, -459, -529, -184, 3, -201, 301, 236],
[38, 158, -499, -438, 401, -592, -587, -396, 428, -103, -61, -297, 481, 101, -334, 515, -277, -24, 41, 541, 567, 323, -244, -295, -14, -242, 476, -334, -36, 319, -582, -72, 282, 225, -297, -326, -367, 568, -502, 206, -588, 253, 37, 145, 336, 199, 543, -533, -149, -473, 133, 175, 300, 217, 387, 492, 446, 523, -545, -513, 572, 413, -550, 543, -245, -549, -51, 50, 357, -411, -108, 318, 281, -262, 456, -168, -183, -418, 382, 136],
[-157, 365, -86, 428, 73, 358, -432, 595, -437, 421, 550, -561, 66, -534, 210, 72, 437, 417, 207, 98, 555, -556, -53, -277, -368, 14, 66, -293, 484, -440, 57, 488, 502, -289, -295, 249, 24, 511, -244, -284, 409, -374, -172, 279, -112, -596, -226, -572, 243, 492, 213, -299, -516, 461, -183, 408, -523, 115, 118, 19, 518, 156, -162, -289, 538, -448, -568, -489, 599, 43, -270, -595, 586, -549, -468, 432, -228, -101, -84, -472],
[-306, -546, -266, -411, 296, 474, 518, 584, -329, 4, -345, -202, 555, 251, 461, 277, -214, -39, -27, 427, 101, 14, 107, -255, 565, 132, -52, 450, -225, 410, -393, -495, -231, -355, 468, 408, -57, 408, -201, -413, -377, -515, -508, 311, 295, 440, -495, 463, -135, -126, 103, 230, 532, -239, -42, 473, -38, -149, 190, -215, 410, 329, -437, 453, 347, -299, 451, -148, -348, -68, 394, 222, -585, 462, -475, 567, 193, -283, -335, 502],
[-10, 507, -556, -428, -5, 291, 592, 63, 549, -277, -472, -55, -466, 164, 313, -92, 28, 192, 147, -472, -305, -468, 385, 518, -341, -544, -38, -105, 19, 158, 30, 23, -409, 244, 408, -578, 493, 191, 290, -441, -212, 362, -243, 58, 228, -395, -443, -265, 255, -562, -175, -19, -375, 338, -99, -364, -311, 376, 234, -19, -375, -430, 111, -415, 0, -154, -569, 390, 457, 152, -16, 532, 37, -246, 339, -181, 527, -3, 73, 558],
[-164, -99, 446, -387, -401, 41, 153, 285, 303, 75, 64, -296, -87, 77, -414, -479, 131, -585, -31, -319, -491, 255, -328, -298, 88, 266, 559, 499, -590, -378, 7, 354, 260, 140, 404, -198, 346, -264, -561, -230, 483, -348, -596, 548, -253, 233, -17, 466, 510, -346, 109, -136, -496, 332, -481, 561, 197, -239, 226, 599, 418, -467, 217, 544, -427, -223, 367, 482, 39, -255, 563, -392, -521, 299, 196, -78, -191, 251, -557, -452],
[581, -54, -362, -397, 14, 525, 547, 88, 297, -258, -183, -247, -29, -437, 371, -137, 56, -481, -445, -70, -534, 386, -152, -554, 0, -65, -518, 112, -410, -388, -582, -180, 323, -279, -304, -97, 568, 551, 505, 430, -208, -179, 194, 236, 31, -523, 451, 317, 322, 600, 533, 281, 241, 32, -388, 514, -156, 69, -186, 254, -271, -459, 333, -174, 57, -588, -170, -298, -125, -29, -374, -404, 562, -24, -157, -413, 314, -415, -358, 76],
[184, -292, 292, 430, 164, 504, 170, -537, 538, 517, -192, -361, -268, -394, 103, -524, -264, -345, -172, 114, -227, 328, 393, -220, 506, -595, -120, 276, -507, 356, 491, 553, 353, -184, -125, -62, 120, 271, 540, -282, -427, -165, 321, 442, 563, 502, 76, 454, -141, -318, 198, -157, 229, 62, 359, -198, 18, 334, 28, -254, -561, -275, -414, -245, 213, -182, 11, -149, 498, -336, 210, 351, 188, -56, 544, 276, 63, -320, 599, 533],
[138, 152, -127, 481, 187, -243, 429, 351, 472, 442, 9, -419, 469, 472, -130, 411, 246, -242, 569, -232, 452, -498, -462, -587, -77, -181, 117, -133, 231, -458, -490, 82, 380, 239, -133, 315, -406, 237, -120, 455, 155, 313, -230, 551, -315, 465, 235, 374, -173, -598, 292, -27, -304, 296, 22, 327, 142, 497, -472, -368, -217, 483, -306, -141, -173, -164, -389, 212, -275, -222, 101, -64, -38, -479, -368, -423, -184, 493, -20, 227],
[349, 232, 578, -270, -278, 592, 335, 524, 539, -383, 240, 463, 252, 600, -420, 298, -47, -274, -468, 257, 200, 438, -302, -223, -20, -100, -542, 458, -296, 137, 156, -330, 125, 164, 401, 471, -547, 190, -14, -7, -92, 522, -17, -31, -133, 316, 490, 545, -264, 142, 92, 211, -580, -110, 258, -153, -582, 268, 32, 17, -1, -576, 512, -585, 529, -182, -558, -255, -575, 71, 6, -353, -164, 575, 164, 584, 473, 216, 469, 552],
[-536, -237, -178, 316, -578, 227, -267, -39, 399, 34, 566, -293, 537, -151, 69, -466, -441, 389, 439, 294, 71, -414, -576, 152, 150, -160, -166, 332, 511, -58, 323, -442, -90, 382, -92, -132, 108, -321, 364, 352, 320, -543, -250, -295, 53, -166, -509, -284, -112, 432, 406, 328, -511, -188, 0, -178, 557, -500, 409, 77, -363, 370, 415, 222, -392, -301, 363, 467, 169, -39, -4, -195, -127, 159, 167, 162, -335, -324, -242, 94],
[-62, 432, 287, 214, -455, 57, -538, 515, -394, 191, 141, -207, 516, -512, -188, 112, 304, 467, 125, 170, 5, 122, 205, 95, -247, -326, 404, 476, 342, -556, -14, 333, -86, -476, 557, -163, 418, 134, -203, 451, 115, -414, 367, -210, -333, -64, 491, -400, -232, 50, 521, 518, 252, 234, -194, 362, 423, 373, 205, -420, -117, -468, -432, -441, 218, -34, 565, -237, -591, 106, -144, -531, -479, -192, -118, -318, 427, -7, 257, 542],
[331, 512, -109, 314, -561, 466, 505, -363, -574, 103, 57, -570, -114, -521, 218, -134, -211, 404, 387, -164, -274, -140, -92, 416, -315, -294, -215, -468, 427, -213, -486, -378, 241, 342, -330, -386, -228, -146, 425, -384, 404, 304, -432, -153, 393, 116, -412, -495, -58, 158, 219, 218, 408, 262, -568, -126, 513, -579, -15, -164, -334, -61, 170, -157, -388, -395, -225, -114, 554, 225, 232, -261, 19, -159, 229, 572, 563, 429, 176, 537],
[286, 329, -184, -128, 189, -552, -102, -253, 253, 486, -562, -119, 573, -533, -551, -341, -322, 322, -82, 281, 272, -256, 276, 508, 386, -231, -313, -366, 182, -244, 233, -304, 572, -37, -1, 307, -103, -305, 34, -492, -193, -43, -22, -354, 513, 22, 547, -546, -199, 188, 199, -278, 371, -348, -33, 68, -581, 538, 559, 148, 452, 377, 315, 470, -484, -585, -514, 31, 148, 480, -492, -292, 385, 407, -559, 139, 527, -379, 200, -208],
[-77, -232, -484, 303, 348, 351, 521, 52, 415, 235, -369, -334, 109, 11, 386, -227, -118, -139, 354, 259, 512, 593, -227, 302, -19, -174, -234, -117, 485, 589, 425, -30, 24, 276, 334, -217, 106, -494, 367, 173, -385, -475, -433, 157, -561, -413, 217, 82, -390, 283, -181, -481, -147, -252, -162, 191, -155, 443, 430, 573, 264, 415, 379, -271, 459, 184, -163, -267, 462, -461, -495, -444, 331, -477, -398, -392, -42, -10, -464, 451],
[-390, 449, 222, 424, 111, 23, 512, 551, 219, -188, -323, 280, 59, 479, 82, -571, 354, 589, 328, -426, 63, 164, 210, 346, 501, -385, 128, -272, 329, 213, -112, 339, 494, 41, -502, 376, 103, 509, -221, 337, 518, 431, -169, -4, 17, -320, -55, -16, -99, 507, 314, -566, -312, -544, -493, -550, -550, 48, -391, 47, 134, -429, -495, -487, 319, 473, 213, 519, 549, -578, 109, 531, -525, 99, -47, -13, 11, 512, -248, -414],
[-98, -547, 466, -272, -228, -212, 45, 350, -548, 276, -136, -362, -101, 518, -524, 43, 57, -77, 246, 169, -296, 466, 536, 7, -60, 347, 237, 376, 593, 426, 214, -390, 499, -12, 189, -40, -11, -451, 486, 453, 415, 66, 262, -491, 226, 466, 156, -86, -317, 242, 117, 528, 478, -550, -390, 66, 21, 1, -236, -583, -457, -599, 9, 257, -525, -479, -485, 593, -56, 273, -221, -527, 524, -341, 18, -85, -319, 574, 49, 564],
[291, 340, 217, 458, -118, 351, 95, -500, -2, 363, -276, 261, 159, -145, 176, -245, 302, 66, 599, 145, 75, -539, 312, -293, 263, -586, -156, -28, 375, -366, 515, 133, -125, 163, -186, 542, 222, -150, 253, -483, -427, -502, 227, 340, 309, -359, -96, 35, -274, 269, -468, 382, -523, 313, -366, 511, -101, 421, 403, 308, 33, -274, 11, -83, -464, -177, 594, -176, -378, -476, 72, -355, 276, -155, -192, 519, -68, -598, 155, -84],
[369, -256, 77, -322, 106, -410, -442, 289, 405, 411, 246, -307, 87, 97, -352, 471, 473, -534, -358, 511, -471, -405, -400, -144, -113, -469, 129, 14, -418, -567, 24, 358, -140, 491, -49, 112, -446, 468, -386, -70, -180, -16, 468, 492, -290, -182, 189, -202, 234, -379, 599, 32, -271, -499, -233, -121, -101, -48, 241, -200, -178, 524, -584, -388, 458, -376, -260, 42, -188, 429, -462, -292, 20, 197, 132, -397, 22, 464, 97, -537],
[-446, 141, 232, -289, 372, 135, -265, -367, -402, -579, -391, -53, 147, 56, -452, -28, -387, -102, -191, 560, -305, 138, -301, 32, -536, 334, -314, -14, -109, 400, 418, -106, 258, -66, -544, -419, -254, 55, 548, 25, 455, -472, 100, 367, 487, 156, -479, -548, 310, -298, -573, -553, 560, 390, 51, -333, 419, -73, -192, -516, 107, 510, 491, 343, 469, -156, 340, 139, 418, 450, 316, 291, -75, -98, -418, -8, 438, 44, -267, -579],
[492, -540, 367, 475, 330, -352, -192, 155, 334, 152, 487, -439, -147, -536, -217, -275, 311, 162, -294, 444, 528, -156, 483, -110, 227, -349, 466, -58, 131, 166, -385, 252, 594, -56, -502, 184, 30, 44, -312, 287, 270, 478, 238, -229, 395, -107, 155, -554, 2, -134, 107, 322, 225, 45, -526, 403, 473, -580, -567, -146, 591, -237, 63, 27, 214, 508, -80, 289, 549, 576, -577, 264, -370, 214, 278, -212, -237, -474, 127, 76],
[-396, -145, 125, -63, 261, 357, -261, 575, 219, 24, -366, 119, 211, -177, 124, -213, 577, -95, 222, -120, 44, -515, 154, 166, -120, -480, -535, -303, 263, 289, -436, -169, 125, -163, -373, 598, 258, -186, -452, 12, -414, -338, 171, 197, -203, -570, -207, -188, 284, 407, -297, 85, 477, -52, -379, 53, -495, 561, -441, 409, -105, 376, -558, -244, -227, -34, -146, 183, 550, -113, 368, 407, 574, 443, -164, 138, 212, 48, -235, -284],
[507, 199, -424, -596, -328, 223, -343, -405, -209, 512, -160, 428, 14, -234, -590, 278, 105, 128, -151, 394, -78, 516, -443, 519, 177, -239, -175, 336, 402, -378, 261, 93, 355, -401, 180, 312, 198, 43, -286, 97, -95, -4, 414, -506, -200, 381, 302, -464, -339, 11, 599, -517, -576, 245, 179, 153, -116, 544, 370, 294, -259, 133, 479, -307, -349, -516, -567, 529, -420, 169, 109, -568, 63, 503, 247, -185, 100, 2, -553, 592]]