44
-16
81
13
123
43
-106
5
50
-6
4
52
40
-11
-10
91
6
27
-116
-73
65
-4
-3
-49
-75
5
-34
-34
-38
33
14
-48
-36
21
-152
10
-31
7
1
89
-114
-77
-53
-86
-11
-96
-26
-106
-109
69
-84
29
-132
69
-99
138
-67
-60
-10
90
123
24
4
24
122
67
134
-58
26
66
161
93
13
-143
-7
85
-11
74
-1
5
-52
-7
61
-187
-38
45
39
17
27
82
11
-34
44
-122
89
110
-77
-82
32
-46
27
107
31
-63
-50
-13
-122
-29
-66
-126
-62
-80
3
-46
23
-50
-38
-57
30
34
30
38
38
99
28
46
-78
-54
15
-8
-12
2
-10
-41
-51
101
68
47
12
35
14
111
48
-8
11
17
9
50
100
-81
93
-8
60
52
68
39
-36
-31
-31
-48
-17
48
180
50
1
27
34
52
38
-14
67
31
39
108
3
150
-83
167
-35
-154
49
1
-20
-22
-58
-57
47
71
62
8
-50
-32
-67
-35
-20
79
-1
-56
52
-157
-50
63
-40
94
-102
54
-4
53
-49
-60
69
-81
-58
-45
41
-1
164
119
3
71
-1
69
59
17
-116
42
-1
-69
-22
133
8
-47
84
47
36
93
-10
35
55
-28
-118
88
121
104
116
17
-20
71
121
-114
72
5
-64
-116
-131
11
68
-61
-22
9
93
-25
-159
83
-47
-38
20
-43
53
-26
-125
61
-21
-12
-38
15
-16
92
-14
74
-35
67
21
-108
40
-4
6
-30
50
-36
-92
-84
39
13
17
31
23
-58
61
45
-42
-35
82
-51
-74
-62
-70
33
-99
109
56
127
-37
178
-58
-82
-36
-21
36
-130
116
-74
-91
-59
-86
-93
114
123
62
131
-81
-80
109
76
1
-1
12
133
-14
62
82
4
-68
72
70
9
5
4
-31
2
8
80
88
-30
83
167
42
6
-9
25
27
135
47
-55
102
41
3
-53
-17
-58
-22
-55
-15
-34
27
157
-104
66
55
125
-76
-48
-28
-104
7
-32
104
-82
29
113
49
82
-96
-32
64
-113
57
23
160
-16
84
27
-17
188
3
-128
26
35
36
-84
-106
-62
-78
46
59
39
1
-71
90
23
105
39
17
40
30
-114
108
-24
116
-71
-108
61
145
2
52
20
26
11
-24
35
21
27
-57
26
35
0
55
-38
-6
95
91
53
-119
18
-98
21
145
128
85
6
11
-144
-87
-83
20
-51
76
-118
22
-28
27
4
-61
-6
-40
-17
29
19
28
-50
70
56
-61
18
-7
80
-2
-10
11
17
70
42
17
-117
45
-104
-61
29
142
6
15
152
-53
34
0
30
-41
101
-46
-40
47
-2
-22
0
0
-23
140
29
112
41
53
-34
-12
112
77
-40
-13
24
64
-14
-81
-121
-13
10
11
39
54
-57
-68
-43
-81
1
19
-200
-48
47
25
-59
-128
-30
103
-3
37
-54
-47
7
54
6
-23
-90
-16
95
-6
-37
-68
-7
-70
1
-98
89
17
-15
22
-4
31
-25
-117
-156
46
-78
105
72
43
-9
5
17
-47
3
-39
0
-41
-13
-18
36
-80
-5
-98
-1
-50
44
5
75
-53
55
59
65
-50
20
-11
136
18
-105
12
-7
20
-150
-49
-67
-87
-40
78
-30
101
-22
-29
53
-29
105
-41
3
87
35
-37
-18
89
-94
-46
-27
5
-95
-18
68
-37
-20
-19
24
134
15
3
-54
52
-41
-48
-33
-93
-38
-90
29
-88
40
-19
14
43
-11
-54
-111
83
-24
6
40
-17
-32
-35
13
-79
-18
40
77
-27
-143
11
-30
69
-6
62
54
22
75
135
-41
-63
-52
18
48
78
9
-123
87
33
44
-57
-19
54
-1
87
53
-159
12
-143
4
-13
-24
-15
129
15
-15
78
23
-45
110
72
-54
137
-90
127
34
-61
22
90
-63
19
-53
166
-28
-142
-12
-136
-15
-34
36
88
-122
-32
41
0
119
94
38
-31
91
31
39
54
-65
-12
14
-22
40
29
-99
-118
111
-76
-58
-27
109
-3
12
121
48
-68
24
5
-22
-122
126
18
-28
-68
58
94
109
67
-27
86
-13
-30
-44
14
40
35
63
-153
29
-69
205
227
16
-5
-43
132
-34
16
-51
49
71
116
73
-97
-43
-34
-45
-16
31
-30
-121
-51
25
164
-18
67
-160
-32
-92
146
-135
40
-61
98
18
14
-78
-20
-23
69
-38
26
-30
-34
106
56
46
86
21
-1
-40
4
137
30
-55
-2
7
-35
44
45
82
-30
22
-22
-73
-4
13
50
-23
-80
4
18
8
-22
159
-62
-48
17
1
59
45
102
122
25
43
43
-72
28
67
-121
124
-66
25
-70
-49
5
91
46
16
-21
26
98
-74
-62
-33
-29
31
65
-27
-50
-1
62
-16
163
-56
116
43
25
-16
8
-37
12
66
29
-83
26
26
-30
-31
-21
44
61
46
3
45
6
53
48
-10
-5
-12
-39
-135
15
60
127
105
57
-102
99
-30
19
-72
49
-29
75
48
-37
51
-18
36
96
-35
29
-100
-14
-6
38
-74
59
-19
-36
-56
-34
-77
-47
80
-18
-27
2
-51
-49
72
-19
168
-94
156
-8
-93
-76
-72
-169
37
25
116
-81
19
-96
3
-97
-5
-78
5
-6
24
0
