22
11
34
23
14
-7
66
-9
24
17
-12
46
34
9
46
18
-10
10
-10
-34
29
-7
15
55
-23
29
60
-53
46
-20
-8
-1
42
39
18
8
-20
-5
35
-33
-31
32
-30
15
9
13
-47
-43
-20
-28
53
6
-44
16
-12
-21
-20
-31
40
51
25
15
28
-19
12
-28
66
8
-10
31
31
34
32
-86
-18
10
-37
55
-9
-66
46
-14
15
-46
37
-43
-12
45
-33
14
38
-40
15
1
6
-35
48
-11
-2
-65
-24
-6
5
10
-68
13
-77
29
11
-2
-70
36
72
27
9
-3
42
35
-21
26
28
17
39
-22
26
10
39
-33
11
-14
29
-33
18
27
22
-45
37
-11
18
0
59
56
51
34
-9
-31
-21
32
-15
8
-7
-26
25
-53
19
1
-47
40
22
-53
48
-3
77
-35
-45
32
26
-73
29
79
-13
28
18
43
-28
20
-35
5
32
-12
-20
12
27
4
-61
28
42
-55
49
-20
-10
42
-36
33
20
22
29
0
-2
7
-47
24
-34
3
15
-35
-28
3
13
-75
47
24
-5
-1
1
65
73
-21
14
16
38
26
62
-34
-33
33
39
48
5
29
24
-43
26
25
-61
13
7
74
31
6
-15
-2
19
2
15
-19
-60
19
16
-10
32
-1
-34
27
-20
17
7
-15
11
45
61
31
-44
60
24
30
18
72
2
-27
13
1
32
75
-12
-16
-1
23
1
13
-9
78
18
7
50
-18
71
38
-28
-45
-53
-40
2
53
-17
14
3
-6
0
25
-3
-35
10
81
21
16
-18
-8
-7
66
49
-8
7
-28
38
-19
23
1
17
-14
-47
-20
-1
17
8
52
-14
16
35
6
14
32
-30
40
-7
21
-52
2
-31
36
75
-34
-6
20
0
34
49
-76
4
-7
44
32
20
-5
39
20
-28
43
29
4
15
45
0
-23
-80
47
40
8
-23
37
6
74
-7
-52
-2
0
-14
-6
50
39
-33
-7
4
-7
21
18
-10
22
-14
18
22
78
114
35
-10
-12
69
20
116
44
7
-24
42
24
6
17
-7
-21
-27
78
-28
82
52
21
76
-44
36
49
-17
31
17
-33
2
-14
-15
18
50
58
23
20
-40
-9
31
39
66
-13
-9
-14
11
17
3
65
-1
24
7
27
11
0
29
8
10
-58
8
-14
-12
-3
20
31
7
28
45
-42
-1
27
19
-44
12
-63
28
6
-5
-63
20
0
65
57
-45
12
13
-19
-14
-20
64
25
-2
-48
-23
65
23
-19
10
7
-2
84
-31
-3
5
2
55
-27
-60
-24
20
31
-31
-39
-3
36
24
51
-26
38
44
-24
22
15
29
-50
44
17
78
-29
-1
33
-20
16
9
32
9
-23
53
-40
6
-1
38
-19
14
-46
-39
-16
45
-50
19
-39
-1
-16
-8
-30
42
37
62
-29
45
44
1
0
-3
31
-3
-4
-30
-8
4
54
64
57
-16
33
-26
29
24
-16
52
10
51
4
-17
-10
-49
-5
-88
59
-8
-37
21
-5
44
-5
-35
10
24
-4
63
32
13
2
3
-30
-13
18
-9
-33
3
2
-11
-35
-23
47
-57
-7
8
-21
35
61
82
22
-10
8
-3
25
-5
53
-49
4
37
10
-8
96
-25
-7
51
5
3
17
73
-10
-7
-1
19
7
23
17
24
30
-49
71
-30
-9
-56
53
12
21
-31
1
35
-26
18
-33
-10
31
-16
-57
-42
12
-16
78
-67
44
9
-31
-29
42
15
30
-22
44
52
56
-45
-56
-18
-13
77
21
56
35
46
-25
-7
-14
20
31
-25
73
25
15
-1
21
53
36
-15
-15
-55
-29
30
12
-82
16
-12
-50
1
14
57
-26
64
42
49
67
-36
-3
72
-33
-22
48
19
-14
-35
18
52
12
28
-7
20
22
-82
-14
-32
-37
-2
-5
12
12
24
-15
14
35
14
-17
28
25
10
22
2
20
12
-20
-23
22
15
44
-67
45
-12
27
0
35
-15
-11
-23
28
19
65
-6
-21
22
4
-2
-7
15
-38
-1
12
13
9
4
-32
-7
-47
-14
13
66
56
13
-26
-4
24
-18
23
11
-9
-53
-34
33
43
39
62
43
-9
43
-18
-2
18
25
20
27
16
-24
29
81
-10
-21
3
-3
-2
-5
-26
6
33
-11
37
12
44
28
-7
-57
10
-41
-48
-29
19
11
54
14
8
47
3
-38
1
35
-27
57
24
-12
51
15
53
4
-16
12
5
-34
46
-9
57
8
20
32
-45
-28
10
20
20
-26
58
39
3
19
-8
15
-22
-7
-4
59
-5
-59
77
50
45
-30
33
37
-11
6
57
-11
25
36
49
-43
13
-39
-40
23
24
31
-7
-15
75
58
37
26
12
29
94
-23
13
30
33
34
-33
-45
-14
-27
27
53
-31
-14
-6
23
19
9
15
-10
-14
-8
-23
-75
-12
79
16
28
-4
65
-7
-59
50
34
23
-12
9
36
28
-5
-9
-13
-2
-40
15
22
4
-33
15
42
-7
29
41
-24
-11
6
20
31
17
-72
-11
34
-39
-19
38
-42
58
19
58
-18
41
-4
28
8
32
-98
46
56
45
51
-45
-40
-68
-18
-23
-3
13
32
