17
-22
0
99
7
-11
-23
-62
44
2
-56
34
-76
0
21
-38
61
-9
-35
40
45
3
-41
-5
-28
38
28
-29
68
79
-13
-82
-6
45
37
-3
-36
84
14
20
69
50
96
76
59
-87
-78
-17
6
-17
-24
26
9
52
-16
-16
35
-44
-48
-29
57
-76
25
15
-22
41
13
29
-3
22
29
43
29
52
-4
-29
58
97
127
-39
10
-20
-38
-37
-3
20
-30
19
1
-10
-12
14
-9
76
-58
-29
16
44
-47
-2
11
42
61
-23
-5
-16
14
6
-14
-23
-35
38
2
-18
61
53
-13
-37
46
-62
15
47
-53
115
-28
-28
24
13
-28
-59
-53
143
-70
-28
27
-62
-84
-24
-83
-71
-11
-78
-71
-42
38
36
17
-46
-91
16
25
-45
-16
33
-66
-6
-21
-74
-19
-59
57
-18
-10
-21
84
-4
-73
-63
43
-27
16
-3
4
34
58
-73
4
47
-51
-4
-32
23
27
78
-18
-21
-17
-12
-83
119
-40
19
-25
98
-68
38
30
34
-30
84
-28
47
33
1
-46
-95
-43
36
-37
32
-41
19
38
100
-81
34
-3
55
-47
-4
13
-41
22
11
-3
-68
67
47
-5
118
-124
-4
-55
71
-126
17
-54
-65
-103
-11
-110
-36
-20
21
-71
-49
1
15
26
63
63
9
-32
25
-4
85
78
83
-35
-30
-52
41
-53
25
-8
12
38
-39
33
126
-88
-113
-136
-62
-15
65
38
-23
-116
32
0
-40
-3
-7
48
4
50
17
-25
6
-25
15
25
27
-27
22
-56
-41
78
-100
20
37
-34
17
-19
21
81
-47
-20
-31
-3
-28
122
43
-12
90
-6
-21
-5
-58
-14
-53
70
79
5
-46
67
10
-102
40
-22
-4
-2
-55
-16
-13
29
-48
-86
76
-16
-40
-24
-46
-108
-23
-33
-13
1
113
-7
-43
53
-2
-54
-5
-16
52
37
-23
-85
-28
-74
-63
-22
-34
1
-62
40
-41
-45
16
31
-58
7
87
-18
-59
67
-70
28
16
-28
20
-5
45
44
-50
-63
50
-24
2
129
-102
-59
-11
28
-6
-62
68
78
-15
0
-19
52
75
70
62
-55
31
-22
-57
31
-91
-117
-29
14
-31
61
-49
51
44
-48
62
29
-10
56
69
38
72
-34
83
-57
9
-35
-14
26
5
28
9
16
-46
-49
-30
-12
1
-21
47
-42
68
-37
44
48
-6
-83
-57
27
77
-67
11
-54
39
-14
-68
-11
27
-72
-37
31
8
80
-4
-11
81
-1
12
6
-38
-85
-86
-65
40
-11
10
21
32
-47
-27
26
42
-79
-117
-86
38
-62
-38
6
-15
35
45
-69
-4
-47
31
-17
-45
94
31
40
-77
9
-23
56
46
37
-43
48
18
-23
42
21
51
-4
26
-40
-34
54
51
4
-3
-43
-2
47
49
38
-70
47
40
29
-42
27
32
3
48
1
49
57
70
-66
15
49
-12
-21
33
-38
65
-5
-6
17
53
-21
38
-47
6
-27
27
23
-23
-30
58
26
1
-100
-38
41
0
-46
1
-53
-36
23
65
64
-10
1
14
-10
-42
7
-3
7
-25
-15
-112
29
24
16
4
31
33
50
21
-11
84
-3
20
5
36
-28
-34
-20
51
61
-10
-49
30
-50
28
-58
33
49
-17
-11
3
-14
25
80
-58
59
39
50
-66
-18
4
19
5
-27
-25
-2
50
3
-27
24
11
11
-50
-43
-14
-43
4
29
-35
-56
25
34
13
32
-8
-19
-27
40
-87
-41
21
35
7
-25
54
-69
-10
67
94
-26
-4
22
-111
14
67
-29
-20
-39
-27
6
80
-14
-9
-19
-2
-8
-12
38
-31
23
-63
76
7
-66
-33
12
6
-16
-81
9
48
40
-2
-11
-12
-1
-11
32
20
1
19
22
58
-24
-59
26
-45
73
-76
-42
112
-17
46
16
-60
31
39
25
69
-13
-38
40
-42
27
22
73
-69
-107
30
-80
-59
-35
-18
-60
-38
70
41
48
-3
-25
-5
-26
-13
-15
56
46
-66
-94
20
5
-50
48
-49
54
2
-37
13
2
-8
-4
-50
10
-18
53
-68
-80
-45
21
29
-23
-1
2
-63
-14
-52
92
8
-63
-37
-5
7
-74
35
60
14
-60
-59
48
-2
-35
14
77
92
-10
-74
-17
10
-41
45
-2
6
-33
-7
37
-61
118
107
-5
-57
-22
8
-89
-30
11
6
-106
-76
-10
81
-1
13
14
52
21
-64
-50
66
-22
-63
39
-107
-33
3
-32
3
33
14
-19
-13
-71
-28
15
-73
2
41
17
-101
-51
51
-50
75
-47
-80
37
7
-32
80
-15
-64
75
40
-74
-16
-55
47
40
10
55
-54
-36
56
-14
-87
-54
-10
-63
-5
-47
58
-52
-34
10
20
-30
-40
27
-26
59
7
30
-37
16
30
47
-35
67
23
50
-59
15
-33
29
-5
-60
46
-16
38
-96
23
41
31
-66
-37
37
-45
63
-13
45
-9
69
18
-25
-42
-30
10
27
15
18
-27
-47
-58
17
-16
-10
66
29
45
-28
23
-88
19
-25
131
32
-5
-110
69
-24
12
-69
10
13
-23
-11
-60
-62
25
69
-58
-28
-29
-20
-15
-10
56
-7
-55
-83
41
3
-3
-158
74
9
-21
15
63
39
27
38
47
6
-29
32
64
18
-1
-57
34
-25
25
-51
-49
54
-46
-24
17
-47
-4
145
14
1
89
-22
27
87
-98
-46
-4
-70
-15
16
-24
-52
-23
-22
41
91
61
60
-26
-4
42
10
13
-2
70
24
64
46
104
68
33
-65
30
-22
-6
-100
31
64
-2
14
43
-94
-30
29
72
104
-12
36
56
47
-21
-26
71
-98
-33
82
-13
-130
15
16
45
32
69
25
-15
76
-53
21
1
30
77
-37
10
101
13
20
-17
-13
-43
-57
54
-12
14
-40
-54
-16
-37
-25
-53
112
43
-10
16
-50
13
-3
6
47
4
42
38
-2
-28
8
92
-46
40
-4
27
-37
-95
66
70
-80
30
-17
-38
42
-25
-8
98
-72
-35
-19
43
-25
-44
19
6
-62
-37
-59
54
62
80
10
-36
5
74
-35
1
79
12
38
7
-16
-13
29
49
-43
69
50
-190
29
-66
-10
11
-2
-37
-72
29
25
-25
21
-57
-46
61
113
29
-32
14
18
-23
-51
-37
10
-64
51
-31
13
24
-4
3
-80
-109
-10
-28
30
-18
49
-16
-13
-24
-55
135
-50
-13
30
-11
-56
-43
-19
-35
12
20
-12
-44
12
29
-63
-10
37
-56
1
47
124
64
-38
37
-107
22
19
78
66
23
-50
-82
46
-89
-50
21
-44
33
35
24
8
-44
-22
-42
-8
22
57
33
77
-34
-2
-47
-6
-54
-72
10
10
33
10
-28
-84
4
39
-30
-4
71
35
27
-10
90
-25
37
98
-189
-17
-39
-28
-40
21
67
-66
17
20
24
-25
51
-4
88
-45
-35
49
-20
-105
3
-32
-9
-68
-5
-7
-99
-60
-16
-26
-41
-52
21
32
18
-1
-3
-35
-33
104
-18
-53
75
-35
-9
18
21
30
13
-43
-9
6
-9
29
36
2
-97
14
-17
-68
-12
14
-16
30
17
8
11
-16
-42
68
-37
-6
31
25
-48
26
-111
16
33
53
9
7
19
-8
-28
-27
32
99
-44
62
-58
-116
-42
40
63
-21
71
-7
68
-69
-38
0
-12
5
-25
-56
61
-69
-66
14
-57
66
-71
-37
-26
47
-62
12
89
-26
-21
-34
-49
38
57
62
75
54
-22
-47
41
-126
1
13
-74
14
-6
15
11
-85
-29
41
46
12
55
-43
27
36
15
29
78
88
-10
-65
-8
-49
-25
-28
-60
-78
34
-39
-16
-15
38
3
-24
-53
-51
35
11
6
6
28
-50
21
-36
-9
1
85
-21
11
-18
61
-15
55
21
-24
12
-84
-45
46
-71
-38
76
-101
-42
-80
58
-6
45
18
-37
-49
25
82
10
-51
2
28
-37
3
-12
-16
-53
24
-72
22
-60
-34
-83
26
25
-3
89
47
-4
34
2
-58
54
9
-94
48
12
0
-85
-14
-37
72
82
-6
-11
-25
86
-23
-75
17
-19
57
39
44
17
15
-44
-3
-11
42
12
8
87
-5
-54
23
15
34
132
-6
75
92
-52
69
-43
64
-28
5
6
23
-14
72
-55
9
-91
66
32
20
-54
-60
19
34
-53
52
-43
-31
47
-80
-21
102
5
-42
2
3
-40
-79
6
8
-72
61
28
-11
8
123
45
67
59
-47
21
-18
11
19
-17
26
-63
-3
137
-16
-116
1
-70
32
-23
68
-15
33
16
68
28
87
-36
44
-17
-55
-39
81
40
29
27
68
32
8
2
-48
28
4
32
49
10
-33
22
-51
38
-40
78
-22
114
1
-47
-47
-42
-66
21
21
-67
-61
106
70
66
-26
-74
12
96
31
-74
8
46
-22
44
113
-62
-66
40
124
-26
-11
35
36
-20
-80
-15
-59
-66
-46
49
-23
58
10
27
25
-56
11
80
-102
-48
-36
-27
11
7
37
80
-53
67
44
1
13
34
103
-28
-160
19
67
89
-94
-24
58
-38
-79
25
-52
-50
-76
-1
92
21
42
-15
20
-31
25
11
11
-39
35
-43
1
46
-55
4
31
-13
-18
16
72
54
-51
-60
-54
-9
11
15
55
13
-63
48
15
-32
-33
-91
-16
-53
-41
14
45
-17
-41
-1
-93
-45
6
41
-2
18
-77
-63
17
-8
120
-31
-59
-52
18
70
-59
11
-19
11
-7
-1
-11
-2
19
96
-48
24
-23
-71
27
38
-33
-31
-93
33
-26
-54
-54
-4
-4
-28
-70
39
-49
100
-64
108
-26
-47
-111
33
5
-56
-52
-87
32
-26
-100
-23
13
-16
-34
-28
11
52
33
-8
-9
-47
-22
-42
14
26
-69
-16
-5
9
25
136
88
-57
86
53
-65
7
31
12
-27
-1
49
-82
-77
-79
-70
-24
-54
-30
-36
32
124
52
-69
-31
35
-30
12
30
-71
-21
-6
-47
47
37
-10
-7
-28
-59
14
3
7
16
-4
-42
-30
-26
40
9
53
-114
19
19
59
-27
-3
-9
-57
11
2
-21
69
-3
37
-18
-48
-72
-69
-51
-17
-41
-26
-24
25
1
-7
-7
31
118
0
8
2
-2
83
64
-29
10
-12
-38
4
28
70
59
-50
32
112
68
14
16
2
-53
3
-39
37
-46
-54
89
78
-23
7
8
-11
112
113
16
-11
10
104
-43
-46
-21
15
-12
47
-7
-9
-7
78
18
6
-51
-23
38
-15
-12
-56
71
-79
3
-59
32
8
-2
-86
-72
4
-29
141
32
-56
7
33
-58
-27
-106
-55
79
172
55
-34
-35
10
-27
8
96
0
14
32
88
9
64
86
-71
25
-49
6
79
68
-10
13
-96
-62
-18
-32
16
-41
31
26
-2
-71
20
-14
59
-103
-15
48
-13
10
-39
74
-34
85
-19
30
-24
-7
52
-76
8
61
-7
5
-82
11
93
11
-14
70
-26
-36
17
32
-14
-24
-20
-83
16
24
53
-84
-50
11
52
-8
58
-2
86
-37
-2
63
-34
-16
7
-99
23
14
-18
-5
78
-97
-12
57
-64
100
61
-4
105
-119
-72
36
-77
-31
75
-3
-107
95
-52
-53
122
4
-8
11
-43
80
24
-85
20
-3
5
-84
123
-6
4
-66
46
-10
44
-64
-17
-68
108
-20
40
-74
16
68
-46
2
-5
44
34
43
14
81
-53
2
-26
-44
-95
2
-14
-49
38
-10
-1
36
-53
-58
-79
18
31
-17
0
53
44
50
-22
13
17
71
-61
28
-30
-85
23
31
-68
-55
-10
17
17
-11
56
28
-18
-27
-2
-50
37
-41
57
32
-2
-10
33
104
-39
4
38
-37
88
77
71
-49
8
-10
38
26
-14
48
60
66
37
-104
-78
-63
2
15
87
-81
-77
17
-16
44
-14
44
-20
115
78
-24
-22
21
41
8
-102
38
8
33
-25
18
111
37
-6
18
66
102
-9
13
-52
33
59
-26
28
19
45
-49
-23
74
-14
34
-92
73
-53
17
65
10
-46
41
68
2
-22
7
56
-36
-7
-29
-42
54
-5
17
-24
117
-19
-28
43
-10
69
8
-69
-51
39
-29
76
22
-6
-3
15
-18
16
-43
23
-20
35
-83
-68
0
-2
22
-67
22
30
-27
25
-94
-7
49
34
48
-108
-19
-33
42
44
-73
45
-4
71
-21
-77
14
-89
-39
88
4
5
55
38
31
-49
-6
-27
9
32
-106
-86
25
27
90
-80
31
-19
-52
-64
59
29
-27
38
42
5
4
5
-45
-4
53
2
-3
15
-57
52
-125
78
-28
-42
-106
-60
-9
13
-57
-22
9
-10
44
-3
45
-39
-46
18
-26
18
65
56
30
-1
-30
13
-6
-63
-35
45
74
-6
64
28
-55
26
-34
-17
-88
-50
5
-29
-32
37
10
75
-8
18
-12
63
34
-4
-9
4
93
54
-68
21
72
49
-33
48
63
-9
35
-9
-66
7
65
-46
17
2
-27
-1
-1
-100
-16
11
18
8
-22
-6
-1
23
7
52
8
4
40
11
-70
120
7
22
24
77
-7
-40
-20
41
-74
60
39
3
43
-48
-21
-63
54
-44
34
50
49
-28
-23
-19
1
44
17
98
33
-4
27
-42
48
23
29
21
-14
11
10
-28
-15
73
5
-49
24
-30
14
25
28
44
-2
16
15
23
-26
75
-22
33
-14
33
63
-28
-44
23
76
10
-91
56
10
-98
-65
-15
59
19
-60
12
29
33
39
-35
-20
-21
10
-90
12
-56
5
-123
3
-22
-60
-16
26
-68
-2
22
20
48
107
-24
70
15
-38
-43
-31
61
-69
54
2
84
83
-101
1
43
70
-17
2
23
-77
40
43
-8
-58
44
-48
30
-55
4
71
-50
-31
-14
-35
-18
43
-59
-60
19
-9
-52
-31
5
14
6
-133
-68
-11
12
-35
27
-75
-18
22
-4
-37
40
-22
10
64
9
25
32
-115
10
50
39
15
7
68
84
7
6
-53
57
43
-55
2
-39
32
31
-56
-1
50
32
17
46
-14
-28
-35
8
-19
34
35
-26
-38
-43
45
-16
37
-8
-34
-75
24
69
77
-2
-32
21
-106
-31
-99
-41
71
-8
29
69
17
-53
87
-36
-83
-29
50
-18
16
20
131
-27
-78
-3
-81
116
20
-78
-47
-23
90
-83
88
-2
38
-39
74
83
4
69
-18
76
-89
4
3
-17
-44
-17
-33
-54
26
52
-29
-8
46
17
35
0
53
108
18
-8
-67
35
-46
-6
-37
25
69
-3
40
3
59
28
7
-47
-51
-15
-44
-10
13
56
-54
25
-19
-62
29
71
-116
-95
60
37
-26
-14
11
23
5
7
-28
-23
-23
-40
11
-49
40
-69
71
7
-2
-2
-38
70
53
11
38
39
37
-40
35
-85
45
-73
17
-53
67
43
-58
34
34
-37
7
31
6
-15
-10
-72
-4
4
51
36
46
36
-88
-11
50
2
2
-15
3
20
-21
-26
-96
-29
37
-31
80
73
-13
91
-25
-21
25
-99
106
8
41
29
33
-28
-32
-74
-31
56
29
-23
6
98
50
41
4
-96
22
9
20
5
-119
-29
41
116
-55
-9
22
19
94
-68
7
-46
48
-111
58
-70
99
-53
15
-78
114
9
-21
35
-22
66
39
27
-16
56
29
69
33
45
-28
-5
-43
83
38
-12
33
-91
-32
-23
59
2
-41
52
53
-7
-25
117
-14
-71
-8
-16
-83
57
-119
10
-36
-12
0
-9
48
67
-24
20
7
14
-30
43
10
8
42
8
58
60
15
-26
10
16
-44
-64
-106
-20
-11
4
-8
-105
-35
110
-35
-1
-53
17
-60
-34
-9
79
14
1
48
-56
12
38
-11
-100
19
58
-36
49
-37
-25
3
56
-50
45
19
66
59
58
-28
-48
149
21
-65
-43
-103
24
5
88
-40
6
-17
42
38
39
-12
-64
-36
-12
-5
-29
-43
-18
106
16
-12
94
-9
39
-95
32
-17
22
16
31
-15
-28
50
13
9
-6
-8
-109
90
27
67
47
57
-22
-56
-55
8
-31
-42
-16
-70
-10
86
26
-12
41
-38
79
35
34
99
-21
-54
-15
-29
19
-15
-37
-8
19
5
-73
55
-33
42
-42
-48
42
-62
-68
1
36
-14
72
29
14
67
-47
33
0
-8
69
29
10
61
79
-10
-45
24
18
68
46
-17
28
23
-50
-22
-22
72
-10
35
-20
-41
-7
30
19
-52
-19
43
-33
7
14
-47
21
-91
89
-64
-42
-10
-46
-30
10
21
-53
91
-56
-28
-6
-15
42
82
-9
-29
-3
36
18
102
-21
10
56
0
-65
-35
44
-52
-77
21
35
11
17
-90
-2
72
-1
36
-41
86
-14
-9
-10
-11
-2
92
-10
-24
-31
11
-124
-46
-70
-90
25
-35
73
10
-17
-24
55
-50
-36
-81
13
-12
-1
28
41
66
-50
63
-45
-27
51
-3
-69
-38
-13
-31
-52
-5
84
-13
13
-63
24
53
-87
-34
35
-113
-14
-26
55
-35
-15
3
-78
-40
14
1
80
37
-36
25
-35
14
-11
-50
4
-60
-15
-55
65
66
-97
112
-16
31
29
7
-42
70
11
38
45
15
-48
10
-52
38
-17
36
17
9
-48
12
-7
-23
-20
36
-45
-76
15
-40
-44
-55
37
-55
-56
17
0
62
-100
-25
89
-27
15
5
63
22
27
-14
-7
-70
-14
-54
-62
51
-20
-33
-98
-18
-67
41
5
-16
46
-48
-22
-62
-45
-27
32
-21
43
-11
7
66
2
43
12
28
-45
22
-24
-35
26
28
33
-56
13
-52
-17
75
8
1
-83
89
7
3
30
11
-10
23
-65
-82
-44
-69
-1
-38
6
23
58
-30
96
-62
-96
0
-79
20
64
-55
35
-29
29
-13
-6
-55
43
-27
-50
58
-39
30
20
-1
-67
92
119
11
-16
15
-13
41
33
-63
40
110
87
-37
-44
-30
-57
-37
-7
-63
4
-72
53
-90
-20
-22
74
-57
-32
9
-38
-12
20
16
49
59
-5
59
-22
-23
95
-22
22
58
51
6
4
-68
96
-65
161
6
-3
-40
-78
-11
-32
-82
-29
25
-7
23
74
-8
-55
-6
-1
-17
-7
66
15
64
-26
37
-50
-16
-49
4
46
30
29
-39
-51
49
16
-58
-10
0
-52
-7
31
-105
14
-48
42
-85
97
-56
-50
35
26
-7
-51
30
-20
54
104
-4
75
-9
-90
-94
70
85
-15
-94
4
15
99
83
-51
50
-65
-1
-23
-64
-4
147
-8
-36
0
11
23
-39
-55
27
19
-3
12
-30
-29
-65
-15
-60
-17
-48
-22
-3
39
-1
61
-46
-42
-22
81
24
-4
10
18
25
-8
48
-47
31
-11
-16
59
-31
-15
-77
-71
15
32
-40
-78
-36
70
-37
-116
-9
14
3
60
-4
31
-13
25
-60
36
27
-61
62
66
-8
13
33
10
21
-88
98
27
35
-21
-75
-13
-81
8
-5
50
-7
36
1
26
52
-59
78
-37
-31
-31
18
-10
-2
29
-30
-48
-35
1
-16
-46
-26
-3
54
-2
6
19
-45
57
-40
53
59
16
70
49
-26
5
-27
-5
82
122
20
63
-29
73
49
5
-55
51
-5
24
120
20
26
55
-50
27
2
10
3
26
-44
-35
33
8
26
-20
-48
8
60
47
-9
-6
52
-98
16
32
-50
-4
-61
31
24
17
10
-1
-23
-19
-27
-1
101
-2
1
34
41
83
64
53
-5
-76
19
-9
-34
30
-25
34
-49
74
102
16
-26
-38
25
-5
27
66
5
-20
1
-22
-64
69
5
-24
16
-56
-13
29
23
-22
-13
56
-20
32
33
-49
23
85
-111
27
71
-57
62
-6
59
-85
76
66
38
-32
19
81
17
-2
77
83
29
-8
-42
0
-68
16
38
75
13
-110
-76
-5
-30
-5
-13
-71
7
-105
48
31
51
62
-44
21
-19
-34
43
21
13
-1
4
44
33
3
34
-15
-39
-35
70
-58
29
7
-16
5
53
-5
-70
14
93
-21
32
81
54
-4
-52
60
25
18
-13
-67
-49
35
-22
-10
-118
-87
-21
39
6
-73
-12
63
-11
32
78
-12
-27
-28
1
-32
-73
72
0
-45
37
18
60
-62
19
97
52
8
-14
37
-11
4
-4
-40
120
39
77
-15
-22
94
-11
8
64
-33
-58
-79
36
-95
-74
59
-25
-2
56
-51
82
-40
-12
60
-9
6
10
-61
16
-16
-54
67
41
53
-20
-35
80
-38
-34
-29
42
42
-75
65
-4
28
-4
-83
-50
24
9
31
-66
-36
-8
-72
-17
16
-20
-24
-20
22
-85
71
58
29
43
-32
-26
18
29
50
48
-43
57
32
108
-31
7
-70
-34
90
-74
36
54
-67
-5
-58
61
31
-54
-99
-6
-25
21
-53
8
-57
-8
21
-10
77
-29
-35
-4
22
-66
-13
-50
46
-22
-11
5
5
76
-14
-8
-24
10
82
-1
28
20
-62
-78
73
-50
-14
-41
-109
-114
16
32
86
-40
53
-42
-116
25
35
5
-42
-88
18
47
15
24
-12
6
53
28
-26
-10
-2
-88
39
7
20
13
-25
-46
-5
11
-23
-21
42
-43
89
-19
-24
92
19
-5
-42
-75
36
114
-7
31
45
-5
-86
-42
-56
22
-21
36
-37
-55
62
-48
-46
-13
33
-71
31
-25
-65
27
54
-13
11
-19
27
21
-30
-68
-32
-5
-20
-33
0
-18
46
-7
-9
-9
-91
-8
43
-39
57
21
5
1
-3
-40
5
-4
101
15
60
12
0
-48
35
8
13
-5
6
-9
-34
-2
41
-102
-62
28
45
58
-55
0
61
26
-98
-41
27
27
-55
-41
14
40
-31
36
11
-14
37
43
-32
26
23
5
37
-9
-28
6
-23
-52
106
55
-13
11
-12
-41
34
-39
1
-36
91
35
68
13
-21
4
-30
-122
-18
20
48
117
60
46
-14
-24
43
-9
-31
-48
40
-5
15
-31
-37
24
-47
3
-74
-59
0
-28
40
-45
-52
64
-3
-10
9
24
64
46
-89
82
40
-47
-40
16
-15
49
-19
-45
33
-10
-32
71
-10
-76
63
-17
2
43
-14
15
138
-29
43
23
34
33
-35
30
-106
44
16
-22
82
102
18
-36
68
11
49
1
-45
29
-96
-48
-35
-107
-16
-50
43
-33
-21
-60
-39
48
10
19
-65
-72
-84
8
14
-4
20
-9
-76
-27
9
-102
-46
31
51
31
57
-7
-16
-32
76
-37
41
-10
-16
-9
53
-67
25
-72
-69
-16
32
-32
6
-70
151
-16
-55
-20
-63
-6
-38
67
42
60
47
11
2
-96
-72
-23
-25
79
20
-32
-43
-76
0
-55
-100
-52
18
30
-69
3
-72
59
66
42
85
143
-52
13
-44
101
81
14
-27
10
-58
-8
-22
-54
-11
43
68
39
29
-111
-89
-16
-30
-14
78
83
29
89
96
48
130
-34
0
-49
19
-63
32
9
72
37
-10
-21
24
80
-25
-21
-40
-23
31
51
47
-50
-76
6
31
-47
46
-89
64
14
-21
18
-52
-96
-10
-17
44
-19
-58
22
2
-74
133
-76
43
-20
21
47
-83
49
18
77
15
59
-54
-11
88
-15
1
-57
-74
33
-11
-21
62
-3
51
118
139
44
-3
-180
-34
-33
-6
18
18
20
12
-39
20
-7
27
-40
5
-25
-4
17
14
-27
12
105
-51
24
11
87
-39
-32
57
-53
2
-36
2
-73
44
-56
-63
23
70
-50
-29
50
-62
9
23
10
-42
38
-72
58
31
-39
-19
30
-55
-19
-56
-79
-32
33
-97
88
61
-9
66
14
-35
-40
23
11
5
-32
-17
-33
55
85
-2
-89
-48
-16
42
-11
-79
-79
-24
13
58
60
28
10
3
63
-53
-30
24
17
12
-11
-1
-63
55
-32
-22
66
7
-16
4
131
60
41
-53
-128
-15
-50
71
-8
-34
20
-4
89
0
37
-42
-71
-21
68
-7
22
17
-42
-9
-25
30
-33
17
-15
127
31
-49
-50
-67
63
40
54
-72
-92
1
-26
-20
-33
-4
74
44
34
65
29
-6
-16
-16
38
61
56
-44
-49
-10
-24
-14
11
36
-34
1
-14
-13
-110
-36
-9
61
27
-65
-52
6
-8
-24
48
-49
-45
3
35
6
-26
-12
33
32
-35
32
38
80
43
-13
41
-88
62
-49
5
-15
-74
-26
39
-26
15
-35
41
81
10
-18
51
7
7
-4
5
3
95
27
-54
21
69
-48
-28
16
-24
38
80
-6
15
-105
-77
56
-38
53
-16
-52
49
-4
83
-13
-61
86
-102
3
67
15
97
-53
-4
50
45
-62
-3
4
-62
-35
30
4
31
67
25
-120
-58
-50
-11
18
114
-61
-13
19
33
74
75
17
-112
-10
-21
-78
59
-68
79
43
-8
96
-36
37
105
-125
41
-125
33
8
-52
-27
23
-14
106
-12
40
104
21
-44
-3
-17
70
34
12
-39
-70
-27
-4
12
-53
-10
-22
67
-66
-12
-34
21
16
-16
-59
106
-42
-22
-34
10
-31
-22
10
-69
17
-1
91
-31
-34
106
-62
-5
9
22
95
-63
7
32
9
41
46
-12
-42
-15
27
64
27
23
31
-51
66
69
22
29
39
8
-31
-64
1
-23
-22
-54
-11
14
58
20
10
34
-15
20
-59
10
-16
94
-9
-110
-71
82
87
15
-39
-90
13
39
-21
15
47
-40
16
56
79
-60
-50
12
49
4
-67
-18
-10
-38
20
7
24
-60
20
0
-31
93
-32
-17
1
-31
43
-8
52
76
-35
41
-27
91
30
-39
-2
-20
6
-4
-59
-26
-76
-9
-85
-13
23
50
1
-29
26
-2
43
72
-5
37
14
8
5
-24
-20
-8
2
-54
27
87
105
-2
-1
-134
12
-62
65
14
-23
-13
-69
58
-19
-24
11
-27
-38
-38
10
-39
41
16
-17
-68
1
40
-28
-4
13
11
-34
52
-13
-31
60
26
-28
-1
-2
78
69
60
-51
51
6
21
32
-23
56
10
-111
-34
33
-15
50
19
-36
123
8
-26
12
-49
9
-57
9
44
-19
-40
-25
-28
-70
-120
56
3
11
80
8
-67
-13
36
20
2
-18
11
8
4
-10
-35
-53
19
11
39
28
8
-9
-73
-54
22
6
-12
45
1
91
3
42
13
-25
-18
32
-20
29
-21
-5
58
-36
70
10
-2
-32
-48
57
-12
59
-24
-25
61
-36
30
-37
-40
-12
29
55
-51
40
-1
-72
53
50
-12
25
-59
37
-26
-107
-81
-58
7
-33
8
28
-19
11
-35
50
-15
29
30
-8
8
6
21
-9
13
-4
9
32
72
-64
-27
-3
16
83
-48
27
-43
57
-10
-32
41
-10
-41
-7
-1
29
-7
-73
10
108
83
24
-19
45
-51
-20
-70
-61
29
39
-86
-55
74
43
-2
35
37
-59
71
-27
-22
111
16
4
74
117
-25
-6
-43
-29
20
-34
-57
-63
-15
0
-110
39
-49
7
-75
18
-25
11
25
-46
-29
48
-7
-54
30
-80
2
35
-92
-39
-31
19
66
-82
-32
43
78
-26
26
-36
-74
51
24
7
26
18
-44
52
-13
-23
-37
78
-52
35
16
-82
-73
19
-43
58
43
18
-32
38
61
10
-56
-82
-10
38
-50
-10
-93
-36
-108
-20
-16
55
-20
25
16
-62
87
-80
1
-54
2
50
7
2
26
-48
-105
40
-2
-29
117
4
128
-14
9
0
127
16
4
3
55
16
-100
-73
-28
-29
30
44
-56
18
-85
19
-23
-35
60
26
7
51
31
-42
-60
28
75
58
-24
-38
-32
-37
-51
51
-66
-47
-64
-14
6
86
-8
40
-54
12
60
58
-15
38
4
-18
51
-117
-21
22
-8
0
71
59
27
-69
69
31
27
34
-38
107
23
-13
-1
74
-9
-37
50
10
-10
-25
7
82
54
22
-47
15
5
90
-18
-17
53
-46
-70
-22
7
-16
3
-7
-4
35
-5
-33
69
103
-52
37
-57
64
-70
77
77
-19
-46
85
18
53
-34
-10
9
-11
-96
-4
13
73
42
37
-15
-57
-42
76
-91
-7
-42
25
60
45
48
7
124
31
57
-10
39
29
34
61
-22
-14
84
-5
26
29
0
-81
-39
-102
1
5
-29
-11
38
-78
20
7
-33
29
20
-19
63
-48
-77
-83
-50
16
31
33
25
34
29
-21
32
-10
-13
-99
21
-45
11
64
18
11
-12
-31
12
96
-47
22
54
32
-25
-46
33
-61
40
-52
52
-7
-2
12
-53
-81
19
39
111
18
27
-1
-93
75
44
-7
-55
-21
77
-8
-60
4
-8
-45
34
-45
-6
-83
-65
82
85
-34
-25
2
-29
-56
-37
-87
93
-43
-22
-46
7
122
-21
6
-49
-64
17
-5
-39
-40
4
84
-47
-75
71
31
-22
1
-95
89
-17
43
49
36
-95
-52
84
-86
69
32
-27
27
-3
-1
-26
0
71
-68
-53
44
-12
30
4
27
-25
-132
38
-16
37
-79
32
35
-29
-60
-6
-60
68
26
-22
-65
61
-61
44
44
25
5
-63
-87
7
59
-68
-7
39
91
5
-6
47
98
67
40
-26
89
-55
45
-52
34
-42
54
-4
-36
-25
85
-45
38
26
7
-5
-22
-29
16
12
-18
88
85
17
18
64
18
63
-67
36
-44
26
9
107
19
-25
-8
63
37
-31
-39
-1
99
-1
-41
-77
106
-37
-28
-5
-22
6
73
88
1
-97
60
60
-15
-47
-15
-11
35
-8
-76
30
22
47
99
16
31
86
-14
-88
68
31
66
-31
-56
22
-27
-45
83
-30
2
23
-98
1
-19
93
-73
0
55
37
-28
13
-10
-59
-48
40
-133
-4
-19
-48
-52
3
0
-7
10
-28
46
-58
-61
125
-20
-57
62
9
-43
-60
-3
-56
-20
-91
-18
33
75
-33
-28
-32
83
-59
-31
37
-83
-72
-79
-9
-4
47
29
0
3
84
-38
-46
-89
35
82
113
-17
79
20
5
-3
-97
-50
-24
30
-5
-58
-73
-44
-9
35
60
-45
-8
31
-34
142
-78
-31
-68
-8
24
-40
-44
48
19
40
-8
-70
-74
17
-23
-11
2
44
-45
50
-14
92
20
-22
26
79
60
31
-55
34
56
58
-19
-44
-33
-58
8
-16
-34
33
-3
6
4
-28
57
68
-26
-35
-33
-121
36
7
49
-68
41
-48
-10
-21
31
17
-13
-18
-15
-39
107
-32
18
55
13
23
-37
-8
26
66
88
-11
9
9
-70
-28
66
3
24
-39
-55
2
35
-27
64
-56
21
-3
42
63
27
-36
-30
43
85
-11
-47
-4
25
92
-32
52
-5
16
-8
30
117
1
35
49
-3
-77
-27
-67
45
77
-28
-5
-39
-21
-47
26
23
-32
-14
46
7
-19
124
47
80
-107
0
38
-39
91
138
71
-14
-20
16
-26
-37
32
56
-12
-12
92
-12
123
6
108
9
-2
4
-85
-44
16
24
-76
-16
28
42
1
16
23
-14
14
11
23
2
0
142
-80
-38
-31
-20
65
28
10
-43
-66
86
131
19
19
7
-21
-18
-43
26
-45
-54
-45
31
-39
28
-10
-2
-10
-5
-28
-91
151
54
60
-19
75
-1
80
-1
-90
-11
56
-12
-31
-142
23
71
-60
-26
37
-51
44
-36
85
-2
35
-2
-19
6
-30
-20
115
-40
73
77
-105
39
3
54
-12
-21
73
-17
85
27
-9
-8
111
77
63
10
2
-24
-64
-95
4
33
-32
-2
15
8
40
8
5
50
41
2
-54
93
29
80
-41
78
-19
-18
55
-38
-32
42
30
10
-47
52
11
-30
90
65
20
47
42
-8
112
18
-94
25
-24
-21
27
20
-6
57
89
-39
-78
61
-41
37
-84
-13
54
-73
41
60
-26
37
10
17
-9
72
23
31
19
51
-55
-30
-32
-49
10
-78
4
40
42
-22
36
-68
-8
-7
67
75
-14
-6
-92
48
42
1
36
-13
64
-77
21
57
-4
-1
-30
22
11
1
32
4
-33
57
38
33
20
15
-62
-22
-84
56
10
3
-61
-91
-34
58
35
31
-66
-7
11
17
48
-27
92
88
47
-69
-116
-4
-41
8
-14
56
-54
-33
-29
33
-40
22
-36
20
18
6
-31
91
4
-6
26
-18
31
-35
36
8
-21
34
77
28
56
-110
38
72
-16
-42
-64
2
-9
-9
88
2
-41
38
-45
27
30
49
-60
4
-26
-64
-50
17
-12
-118
77
66
3
-54
-99
93
-26
-16
-29
-3
37
41
-53
56
83
13
-7
-9
-43
-67
20
-55
99
14
-8
74
38
80
-76
68
3
47
-18
8
23
36
42
31
29
-48
-6
-56
-26
10
-15
8
2
54
76
59
-24
-35
15
58
1
36
-66
48
56
-3
126
-50
35
5
49
-28
-46
-11
42
15
36
-25
-35
-36
-20
-50
71
-54
-54
-28
72
-37
-70
-14
43
75
19
9
-11
24
14
13
-102
52
50
43
-42
68
-36
31
-7
34
-52
-95
15
-67
-30
-39
0
33
-38
-67
54
103
-14
35
-43
51
3
9
33
-4
9
-50
-2
47
27
63
-23
55
8
-10
6
31
24
-17
11
-2
-9
42
-73
27
32
-26
-6
-40
-58
45
11
-27
-41
-45
-81
51
-41
48
-16
21
-11
20
-37
9
45
-36
-2
-38
-69
15
-23
9
-63
-77
-30
-17
18
50
-8
65
46
-21
71
-54
93
-52
-11
59
-29
2
-79
36
21
11
-32
-22
48
15
-22
17
-10
27
19
11
6
111
13
-79
-36
28
-10
-95
-33
56
7
35
41
22
11
-58
44
-42
64
-1
43
18
-28
-16
-114
56
-23
45
7
-45
44
33
10
24
-54
54
-46
-9
-85
-57
58
19
60
56
-20
34
-14
20
56
-10
-22
59
34
-10
24
-66
18
-115
15
-9
-48
108
96
65
-59
-104
-8
6
60
-8
36
6
6
-52
39
-21
-47
-11
14
43
-107
-23
-11
-3
-38
9
-141
-60
83
-34
34
46
55
0
34
77
-73
0
58
-31
61
-15
-8
0
-34
7
55
-39
-60
-43
-41
-66
30
-83
91
-83
-77
51
-40
46
72
-37
-34
44
121
-98
72
-14
-75
-42
11
25
-51
-89
-2
-135
-31
-55
-96
24
69
72
34
51
-59
68
-2
-46
-77
16
-29
-41
-17
65
17
-51
-62
-31
-2
60
12
-17
65
68
-97
-47
6
-54
2
-73
-3
4
30
71
-49
68
50
9
0
45
28
48
0
105
9
-62
1
56
48
-94
57
32
63
-48
-17
-37
-26
32
80
18
1
35
44
-40
8
22
-4
-115
-75
-39
94
-53
5
29
-46
-11
-41
16
-45
-35
-53
-13
45
-33
51
51
21
40
21
65
30
-4
43
2
59
40
-37
-9
57
-94
35
51
-45
52
-61
-86
-30
-65
-34
97
-18
2
55
-76
-18
-6
-59
-35
-14
50
-9
77
-14
18
70
-18
-5
-39
-29
10
59
62
-35
-45
-33
-11
-5
54
23
29
16
25
-44
13
93
62
36
54
9
8
63
2
10
-14
-30
-33
32
74
29
6
82
-88
-72
37
52
65
35
-70
-18
-3
-1
-35
-14
65
-29
6
67
-76
-18
-61
-39
38
47
4
-29
-21
28
118
62
1
70
-19
32
42
-17
-50
-53
-11
-16
46
22
8
-15
-43
47
-41
21
57
-55
37
-15
-67
-33
-45
30
22
32
27
66
29
-44
27
14
-27
22
36
63
-97
11
18
-41
-58
71
124
11
-31
57
-48
-61
93
35
57
79
-25
-27
-18
20
-14
-14
-16
11
-14
19
-9
-7
-13
53
37
-31
-52
64
33
-89
-5
35
-23
-30
-4
-56
26
-29
-23
6
43
49
-72
-102
8
-82
25
-42
57
27
-50
33
-63
11
-110
-45
-11
-40
-55
35
-58
43
18
-6
-17
-14
-30
36
-133
-59
5
7
-41
-71
-24
-76
-10
41
99
10
56
26
-83
85
28
16
47
-41
17
14
38
-19
16
-6
59
74
22
-8
-37
-6
-3
-33
53
-22
41
-41
47
6
30
89
-39
24
22
57
81
100
-38
149
64
-15
59
26
-42
-53
-1
-36
56
-46
-13
-33
73
-57
39
28
-36
7
-53
11
-30
19
88
-71
11
-94
0
-53
-38
11
42
5
55
25
34
-18
27
-4
-13
40
-53
-49
101
-30
78
2
-17
1
-72
-12
-31
24
-92
-46
-46
126
-66
35
-2
40
8
17
29
-31
22
40
8
-19
103
-25
-59
-39
62
29
15
46
11
-7
-55
-4
29
-38
80
16
64
-75
26
-16
8
51
62
30
-5
-28
-36
1
7
23
-57
18
23
16
6
22
118
39
-37
-22
-5
-16
15
54
-4
-7
24
12
-101
1
-2
-107
-71
32
-108
-68
-75
22
-3
-40
-1
24
69
-34
-20
-14
26
76
42
-75
21
-10
12
-119
60
-9
-20
-19
-52
-20
-31
22
-60
-15
-78
-39
-75
-65
92
74
-41
-35
-63
-3
-44
39
-11
38
28
69
-40
15
68
32
7
-71
8
-14
-20
77
-26
-18
-113
8
122
14
48
-29
-38
8
92
-30
-72
-30
7
58
-40
-19
-69
87
24
6
-14
-45
85
-7
-13
20
37
-56
102
6
-36
57
43
-8
103
159
28
-57
-11
-33
13
-2
-59
56
3
-18
21
40
-56
-10
42
-26
-47
21
-31
0
-30
83
16
63
103
-60
-68
-61
13
-59
30
34
83
9
7
41
-39
24
34
9
-10
-58
34
-67
-22
-42
-68
-43
-78
167
30
-68
33
-55
-28
-6
73
41
-3
-4
-74
71
44
-62
81
13
52
31
-73
-62
30
5
-18
-43
40
-99
-25
52
-69
-17
-9
-18
6
55
-30
-88
-37
50
-51
16
-4
-46
65
-61
5
-37
-11
80
87
-21
61
-9
-50
31
-20
-33
26
-28
20
57
31
-18
-52
15
-8
54
-3
-44
-64
-20
22
-76
21
50
-60
-43
-73
-113
-44
16
-73
76
99
-30
-2
-51
31
45
59
6
20
-57
59
-56
-16
-85
39
15
-4
-59
-86
-64
36
19
67
-8
-12
-46
60
83
79
-45
18
-86
-12
72
-39
32
15
20
-89
65
0
-56
-6
-52
9
-91
-88
35
23
-1
-4
-12
-21
50
-40
51
24
-43
31
96
-14
15
-81
7
42
-28
-16
-16
-86
84
35
-120
2
8
-5
62
0
66
-21
-57
14
132
-84
37
74
23
-49
2
69
58
-60
-71
-20
33
-65
25
-43
-9
-70
36
45
5
-6
-32
139
-30
17
15
9
-33
80
-54
39
-27
-75
55
-1
-22
53
58
49
-13
-22
-30
-64
-14
32
-18
-22
30
-45
2
-69
54
-24
-45
-23
39
14
29
4
107
35
5
-14
-47
11
-18
50
75
27
35
4
30
5
14
14
21
37
-65
-7
-2
-53
6
115
-38
41
21
-38
101
-37
29
-2
-86
-14
7
85
-71
15
-121
-53
36
-32
-56
-74
50
-17
-15
-17
-69
0
39
-25
24
6
-36
-118
-2
-31
-84
-12
39
20
-32
-71
25
-8
10
8
-48
-48
55
-67
29
36
-69
-43
22
-55
4
-13
25
-37
63
2
1
-11
-91
-7
-6
15
10
-110
-65
-60
-21
-28
38
-90
-21
-20
-35
-46
-65
11
-19
-16
2
66
11
13
1
-12
16
-8
17
50
57
3
8
56
15
-33
-42
-3
-45
-53
-29
128
44
13
12
72
27
10
37
-39
100
-4
24
27
107
-38
-50
-12
53
-46
39
-25
-37
49
-94
-66
-46
-29
20
26
55
-12
-2
29
64
93
6
-33
-9
-64
7
67
-7
-16
-7
87
-39
24
28
24
-94
28
-94
-43
-95
-30
-21
-8
-4
-88
23
-18
120
12
63
49
-111
-25
73
42
-11
70
-61
-60
-1
26
-11
-36
64
36
-16
-29
1
4
-20
37
-13
117
96
19
-26
16
-53
-79
21
-51
22
-6
35
-30
59
42
74
48
24
-31
26
52
6
1
-47
-52
98
19
5
-16
73
-45
-55
-49
17
-15
-12
1
-16
-27
-92
-10
26
42
50
78
-45
-9
38
27
-45
61
60
-45
-79
-62
-74
32
-48
41
32
-88
-5
21
36
6
28
8
28
-73
-30
-71
42
29
17
42
18
-34
-13
-25
68
71
-29
8
-50
-68
-39
-18
25
-11
-33
-42
61
-61
7
71
-14
-19
-61
85
23
-8
-19
22
-3
62
-10
-33
43
-38
-43
61
-61
33
-121
4
-48
99
-31
-47
38
-63
66
15
7
33
-10
34
-43
-29
-34
11
45
9
1
-33
-55
18
-43
7
-88
-2
95
6
-24
-57
-27
-30
-6
24
85
-39
12
12
22
54
-95
8
17
77
1
-28
9
36
36
17
28
13
74
65
12
104
63
-4
23
1
-42
-20
-82
5
17
-91
8
89
8
-69
5
-56
5
-98
13
33
-38
2
38
36
-74
83
-98
44
-43
25
-61
5
46
13
-29
40
51
29
70
-12
6
-27
-42
50
-27
-58
-29
26
-16
31
7
-67
39
-7
-62
64
17
-13
-47
-8
71
-3
-48
-90
68
-61
36
14
85
-4
-64
80
-5
18
115
-4
-4
-39
-5
70
21
-31
-27
67
-29
-74
17
-42
98
19
-91
6
6
-77
23
-77
26
6
-32
-59
45
-74
40
93
-25
-14
-36
-131
-43
10
-10
-56
-49
-20
-21
112
-32
29
-77
-7
6
13
-49
71
60
-65
-55
-106
-11
42
71
31
-7
-21
-35
3
88
-3
-8
5
-14
-22
55
38
5
30
35
-78
-14
-14
82
-58
33
19
23
-116
7
16
-11
-53
48
54
37
18
-93
55
46
-14
37
5
-32
119
-76
-55
-152
6
33
78
-46
-20
12
-71
32
102
23
47
-87
-8
15
-24
-80
35
-22
58
-30
126
-19
10
-73
-10
51
27
86
-53
12
-32
11
56
13
27
-18
14
-8
33
59
45
-1
87
11
6
40
-34
23
44
-52
51
26
-31
31
-14
-18
-5
49
37
12
57
90
-18
-12
-13
6
112
69
-16
73
39
-42
-70
-54
-9
-48
-7
-11
-37
108
-6
-45
-31
11
-14
62
-28
-66
-10
56
11
-44
-38
4
-37
-16
22
5
41
32
-75
159
-43
92
-59
-21
-13
-123
49
-28
2
-60
50
36
55
15
12
-36
-94
-28
-72
26
-15
11
-54
66
77
-40
-13
27
15
-16
-25
11
-94
-74
76
-49
-35
3
15
-5
-31
23
1
-102
29
25
139
-10
36
-64
51
112
-91
32
-42
30
-46
12
-39
-115
-22
-4
-58
-18
-11
4
-68
13
7
-64
-28
-42
-20
8
88
-70
-16
44
29
-68
-38
-9
-66
24
10
-64
-79
9
-21
-14
1
84
12
-14
-16
-43
-41
-19
5
66
28
56
15
44
71
51
27
12
-5
60
-110
72
11
98
59
36
9
61
-8
-67
78
-34
-34
-53
-34
-94
44
21
52
-8
-24
8
-59
-46
15
-7
-26
-3
85
-18
-22
5
-17
-23
-71
-60
29
8
14
56
1
90
-12
-35
-12
-41
-56
-29
63
-50
18
33
32
-30
-37
-74
12
-65
9
-90
47
94
2
19
73
-6
64
3
-13
-68
59
117
15
-19
63
114
-16
-5
-26
-54
-5
14
-76
27
67
25
-22
6
-19
15
13
23
59
36
9
33
42
42
-80
20
27
113
-27
11
-61
-56
17
25
60
-17
-55
-45
38
11
37
31
45
46
60
-55
105
23
36
5
-25
42
67
76
-61
-27
-30
49
20
-84
4
-107
75
15
14
40
16
-10
1
67
39
50
-15
23
-5
-69
-43
70
24
-67
-59
-40
33
7
-56
20
-49
-17
17
41
14
8
-42
7
20
-31
-71
-47
-4
53
-10
-10
-36
35
12
20
-30
-75
18
46
-28
-47
-32
-27
36
-17
-31
-47
39
27
-75
-69
52
-69
-73
-1
-103
-3
-18
-25
-58
81
-32
37
18
49
97
38
-56
72
10
20
-16
-41
102
-38
36
19
9
33
62
-65
-3
10
41
40
-17
99
23
39
55
-21
15
54
-77
19
59
103
42
-51
-46
37
-3
46
64
-125
-17
8
-9
-21
44
-60
-7
-44
-46
15
-84
-15
-48
6
13
20
32
17
-4
-68
72
-87
-5
-22
60
19
-108
21
-13
9
-7
-51
39
-23
-11
109
87
-34
19
-21
-29
31
-37
-16
-83
68
39
20
-26
-30
-18
0
-37
-68
-6
-62
66
-45
10
-60
36
-26
4
14
13
0
7
38
-6
64
34
21
3
-87
86
11
107
11
-34
87
10
-9
-53
-93
-12
-60
-21
18
30
26
-3
-13
-47
50
-98
-35
21
-1
14
-125
62
-14
-66
20
-53
-35
-19
-7
26
-14
-19
16
31
35
-44
-37
44
0
83
-17
6
-21
-21
7
76
3
37
-29
-86
66
85
32
-1
42
50
46
-20
-110
14
89
17
-59
-12
69
14
-61
16
-21
-51
44
-51
51
-63
40
-53
30
32
-4
24
-13
-36
-3
11
-82
-43
7
15
-77
53
28
-39
12
-47
86
35
34
-30
35
-10
-16
-44
-74
-35
-53
56
-12
-36
26
20
-8
71
27
-41
5
-115
13
64
-8
5
-11
-7
48
-113
19
-50
-26
-23
-41
27
64
-46
139
49
42
23
-36
-16
-68
55
30
-48
0
35
18
-65
-10
7
22
-21
-14
-15
75
-3
82
39
22
42
-59
27
7
2
-80
76
-32
65
32
9
-20
-69
-41
-38
-13
43
16
30
-58
-23
58
36
64
-71
40
-4
-19
-27
-32
26
83
20
24
78
6
32
-57
26
-31
7
-101
-43
-17
2
89
56
74
-80
-43
-65
76
1
-6
-106
57
65
-47
-1
7
6
17
-63
-15
-50
-31
-41
-23
35
-24
54
-41
54
-32
71
-26
-5
-32
-9
-45
-17
13
43
-5
-11
12
95
45
9
-52
-80
89
41
67
-24
33
-29
-34
72
-14
-38
-17
-33
-41
60
-56
-19
-82
-27
26
37
-70
-2
-27
-29
54
-65
17
95
22
-19
44
1
4
-27
-102
-25
-54
37
8
-61
-29
38
14
11
-25
-20
-46
65
-7
-1
-22
42
19
31
-5
-10
1
-31
183
-18
24
67
6
80
-49
29
-6
-85
45
-37
123
-24
-118
16
-18
17
20
-56
1
35
40
61
79
-23
23
21
-75
80
-11
80
-28
-19
-51
-40
28
-20
-45
-42
26
-60
-83
0
-20
-36
-56
-23
37
37
-73
54
18
2
34
-52
119
-5
64
-46
47
-24
-18
35
-23
7
28
12
52
-23
13
82
28
60
63
-15
-12
-7
75
32
-24
-46
79
44
5
24
-110
44
-53
-10
-34
61
20
-13
33
11
56
68
9
-53
-49
28
29
-88
43
29
52
-14
-4
20
45
-19
-6
18
77
-43
56
8
85
-13
-65
7
-117
4
24
-57
-25
-57
31
-51
59
10
42
3
-24
-1
74
-46
-109
31
29
10
-15
34
28
-26
-40
-3
66
22
-51
38
10
-15
62
-67
3
5
39
-29
-74
-15
12
96
-40
46
112
-75
11
0
89
-9
-32
-7
-32
41
-27
-33
45
36
-30
4
105
60
31
-58
25
-40
73
47
129
64
56
-28
-81
26
-37
83
78
16
18
20
-16
1
-17
-24
-79
-124
3
47
-28
-38
45
8
-42
73
-10
-92
-59
-2
50
52
44
33
-27
-17
78
-80
21
-105
-7
-44
-216
117
2
0
16
-100
-73
-24
50
-29
5
54
-82
-78
-10
130
-59
9
-59
10
-52
-22
-3
-15
4
11
-37
74
-58
-52
25
14
9
-133
28
-17
28
7
22
28
-100
11
26
-55
115
-42
90
71
4
30
-16
38
30
66
4
-61
33
-54
-61
61
46
1
-61
-38
56
-2
-18
7
-32
-18
12
65
-52
14
-58
-67
-119
71
72
-22
43
81
-1
9
33
103
45
76
46
19
-15
3
-27
-48
-45
53
-36
-43
39
42
-46
-11
43
-13
10
45
16
-37
-81
27
95
-34
70
-86
22
-58
-69
47
93
21
-3
19
-32
29
-5
-71
-22
10
65
-44
-50
-76
-39
32
-46
-1
-15
9
33
-22
63
34
-49
32
-39
71
-46
-66
21
155
-32
-3
-32
3
-56
6
22
-112
63
-27
-20
41
-33
-56
131
-92
-87
15
12
-26
-79
18
64
38
-59
-34
106
-29
-16
-23
-33
52
-12
-52
76
57
36
26
7
97
78
57
-6
5
32
-7
69
116
-56
73
-92
-48
38
32
-38
36
54
-56
26
15
68
-53
-23
48
-13
14
-75
-40
23
-23
41
-31
-16
-19
-63
38
33
50
54
-70
1
15
36
113
-74
6
-4
-16
106
30
52
-14
-1
56
1
-135
4
13
32
18
-30
-37
98
141
29
-84
-7
38
55
68
10
-81
-29
-22
-101
-32
-19
64
-60
64
-20
80
-31
-110
-46
-13
35
-52
-96
-29
44
-17
14
-69
-99
-98
44
-25
33
-13
82
26
2
46
58
20
-59
30
-74
13
-36
-17
-80
-3
-4
29
20
-113
-21
79
-24
42
35
-35
-98
3
40
-41
-89
11
22
37
10
-33
-25
-77
36
0
-13
58
59
-19
-39
-2
-1
37
66
52
-3
3
87
16
15
-57
-16
-33
-67
-23
-37
-11
-8
7
-19
-10
22
-6
-27
40
105
-5
-32
-43
-2
-6
-16
53
10
16
60
28
8
112
-2
109
7
-54
67
-43
38
17
-63
30
-24
-40
-8
101
29
24
117
16
-8
-53
33
33
1
-51
10
48
24
-33
-29
-18
53
-14
4
45
45
111
-5
-88
-57
101
-9
-47
6
39
-36
18
-115
2
-64
15
52
81
34
34
-34
-17
52
-31
32
68
37
41
36
-100
-98
78
-80
-6
48
51
-43
99
2
-37
-3
3
44
23
-61
36
0
-38
-15
-20
85
33
30
-29
-19
104
26
44
-5
58
37
-50
75
27
77
42
33
17
-49
-44
81
-25
-10
-48
-42
3
68
-15
18
-55
55
-6
42
-43
-74
-66
12
-6
10
21
116
37
-10
86
-29
6
87
37
-51
14
-12
-31
12
26
100
-40
6
3
69
-1
11
-40
-52
-66
59
71
50
43
-38
74
13
-93
104
3
33
17
-44
4
-12
-12
-28
-32
-20
-31
-54
-65
-30
-58
-92
-14
-22
28
60
39
17
-105
44
-47
-21
-118
26
-32
60
-35
-57
42
-104
84
-25
-55
-14
8
-52
13
39
-13
79
13
11
-42
42
31
-45
23
15
-45
27
15
58
11
-43
95
-26
69
61
-24
9
29
18
-26
-146
-26
-62
-44
56
34
21
-18
51
-35
-81
-36
50
27
10
-29
27
1
28
86
8
-27
-96
-13
17
71
-21
58
26
-95
32
-16
-73
-73
-26
-7
-3
122
27
0
77
-139
-9
-14
-3
-10
13
-90
-110
0
12
0
10
-2
44
-63
31
-32
-25
44
106
43
-36
-55
-61
24
2
8
59
-21
79
-52
57
58
-7
3
-30
-6
63
50
72
-29
-14
-40
58
0
47
14
-60
-3
64
60
-18
55
7
68
52
4
-69
-40
-2
35
-8
50
12
-66
34
5
-46
30
-40
17
-20
47
-29
-6
7
-8
-23
36
9
-79
10
-11
-7
-62
35
12
68
35
-13
41
-11
3
5
-97
25
-41
-14
-29
75
-47
-75
-24
98
30
-85
19
58
-48
-58
-45
-56
-11
16
0
-36
4
-23
23
-45
91
69
-59
75
-65
-59
13
7
11
47
83
30
3
-9
32
-50
48
-76
80
-9
-12
-8
44
-38
40
16
-17
57
-14
-48
-116
70
40
-92
30
-34
72
-62
-21
-15
-2
28
31
46
34
-52
-35
-88
-68
-84
-28
-65
22
27
-56
21
-83
31
1
14
-30
-30
41
3
29
-37
3
-15
104
39
38
45
63
-48
27
71
69
111
86
55
-30
-14
-64
50
-36
-38
-57
-28
-43
73
53
60
84
-79
-28
32
50
-70
37
-52
103
9
-68
19
29
15
70
4
44
7
-76
-89
3
22
1
-8
-104
-51
8
68
20
-25
-76
-13
16
126
84
55
32
-25
-68
-72
-13
-105
-27
30
17
-5
35
-3
-38
-14
-74
-26
48
72
2
0
-9
4
61
-8
-113
-79
19
0
79
12
38
-40
42
-83
40
80
69
4
-64
-16
50
74
-3
-52
2
77
10
43
-38
-23
26
1
1
-4
-40
63
48
97
15
-62
-55
3
-31
-50
0
23
-89
0
-63
-39
37
4
-29
12
29
30
-29
-41
14
27
18
80
8
9
37
71
44
-28
32
52
-6
50
53
-2
99
4
24
12
-26
-10
-51
-5
-11
12
-32
62
64
-34
26
-97
46
29
19
56
62
-80
5
-81
0
-70
72
-37
14
103
-30
37
7
25
62
-67
-22
86
-68
19
42
77
71
-37
26
-4
28
15
-28
1
20
-114
-68
-6
-2
12
-59
-52
60
66
-47
8
104
128
-22
20
-120
-24
25
26
-49
45
-41
-19
3
13
-3
-6
49
-93
-20
-17
-81
61
27
12
-76
4
-55
-39
-38
-22
27
69
-48
35
-3
6
13
-87
-35
-55
65
22
-76
-24
-26
6
28
2
-17
-115
34
-87
51
-47
-10
-4
30
46
-14
-49
-40
26
-10
24
-50
23
-104
-56
-57
35
-89
-13
-48
21
-3
42
-72
76
-16
49
-46
9
61
55
-39
39
-86
17
-2
-11
64
-24
-56
6
0
-40
48
-22
-23
-60
11
-12
3
55
-50
-40
18
-23
5
-31
-6
6
-69
-135
71
-13
-32
-26
64
-11
-32
-48
38
32
-58
-33
-3
10
13
36
-86
-63
-37
22
-40
44
-1
-35
-33
-25
78
12
-6
55
1
-13
-112
22
44
-24
-43
70
-26
-8
34
44
36
-1
68
-35
50
16
-31
-66
24
-47
-8
-29
65
-5
6
50
-69
15
51
56
49
-110
-4
12
-9
26
-38
-12
74
-31
-39
-17
-43
-3
61
104
-29
6
-8
18
149
-21
10
37
6
-82
58
10
0
30
-79
16
137
8
-100
76
-24
-16
52
53
-85
26
-30
-38
20
75
40
-13
-45
18
5
-58
14
122
44
-6
-41
63
12
-83
-2
-60
8
17
36
0
85
-77
-10
115
71
8
-13
-28
-50
16
2
-39
-10
36
-52
-13
26
19
-73
-9
18
-59
-43
-18
33
-31
23
8
38
-38
-39
-48
52
21
30
-66
36
47
20
-28
27
38
35
-15
13
7
-90
-72
62
-48
72
-69
-33
88
67
29
81
48
41
28
2
-54
-30
-11
34
-69
-55
-73
-116
-1
-49
-36
18
-66
109
56
26
8
53
99
41
5
-6
28
19
-17
-21
-36
-33
22
-30
21
83
49
24
19
-21
6
-24
19
-79
20
43
-10
-13
66
47
58
46
12
-45
-50
55
-45
-67
19
50
11
-32
-30
-29
66
104
-26
-5
-94
34
51
-52
-92
-6
22
-35
5
37
69
-33
24
33
-56
58
-15
-15
2
-64
-55
94
-23
-5
52
27
-125
37
-28
-11
51
-63
-40
-48
74
-18
-40
-56
44
23
-50
70
-45
-79
-25
68
-24
23
-3
-11
-6
42
-32
-34
-49
-95
-15
0
114
-22
-20
-54
-108
-66
-16
5
28
71
102
-5
73
-75
13
-46
-37
-77
-59
-2
-44
95
-166
-146
1
-36
54
36
-13
71
-19
22
1
34
-85
10
12
-58
7
-62
20
-18
-77
-10
6
1
71
0
-23
106
-13
-17
-75
76
23
43
39
-26
-16
50
-34
-20
-17
2
-65
37
114
63
-59
4
-95
-65
48
-17
-45
-2
42
18
27
-19
-46
6
-47
15
-63
23
-61
-17
-27
-8
35
-36
-54
-51
21
-40
34
-5
20
-77
37
34
-37
-60
30
46
12
24
29
63
17
30
-22
-59
-27
-10
0
-35
27
45
13
4
-98
70
8
49
-110
63
-17
9
57
-13
-17
6
-101
45
56
-6
53
5
-11
46
37
3
65
106
58
-100
-5
-20
-73
74
67
55
-69
-86
42
21
-18
-48
-4
101
78
63
-44
-17
-31
37
-63
64
-35
42
45
-91
-16
44
-70
15
-55
21
-20
39
-30
-47
-29
-23
41
-87
0
-7
-7
-35
-32
28
-6
27
-35
-38
12
42
42
91
-30
1
-105
-105
11
-24
-24
55
-32
-1
-17
-52
-56
29
-34
36
0
29
-65
16
76
7
53
54
6
18
-23
89
28
-50
-15
-54
-12
70
39
-16
49
26
-128
12
57
-23
28
11
41
47
-3
-27
-70
25
-21
27
-65
48
-71
-17
-82
38
-19
25
4
62
1
-29
-85
81
-94
-20
-66
-35
-42
-36
4
-57
71
-17
-43
45
-41
-29
-5
20
-24
-2
-31
31
-40
-5
36
-66
-25
-84
64
-56
20
24
35
26
56
-51
43
15
31
-46
58
-43
38
-46
17
-34
0
-25
-26
-28
-29
-18
-48
59
-62
-2
34
36
-3
78
39
-77
-28
31
-26
2
-44
28
59
-14
-56
-4
82
-95
-22
73
17
-2
-7
0
-76
-85
82
8
-57
19
-38
44
16
-44
78
16
-95
16
30
-92
-101
25
-90
-4
-55
16
4
-12
-31
-129
36
62
-29
7
-27
2
2
13
-61
-20
-3
13
8
13
-44
-78
-108
0
-31
30
47
13
102
63
43
38
-4
-34
32
55
65
19
-56
28
-66
77
-66
-23
-43
-9
-55
-46
-53
46
25
24
-32
143
29
-36
-91
-37
-51
-34
-10
27
8
-27
-49
0
-43
-62
74
-12
-26
59
121
-42
-56
8
-43
-87
90
-30
-1
66
78
-63
-4
91
8
58
-4
-3
23
4
-68
-40
-43
16
46
-18
16
30
-29
9
13
20
36
-6
-122
53
67
7
10
-4
51
50
-106
-11
-5
77
-70
62
-39
-18
-24
-77
24
-6
55
-23
54
-21
-50
-58
24
11
-67
-66
-79
43
62
-62
69
-7
-64
-63
-9
-77
19
10
39
16
4
2
87
-22
105
-15
-71
-37
-30
-55
-1
14
2
35
-20
43
-89
46
6
-27
-19
-12
90
5
-11
-90
5
-18
-19
37
2
-12
16
28
-29
-95
-28
-18
-100
-59
6
25
-35
-72
-72
-60
34
58
11
-25
-94
20
-4
-25
7
0
-47
-52
-51
-48
-28
2
-2
-22
69
53
63
83
47
-119
53
7
-77
43
12
19
-45
-21
-3
-62
-28
76
-28
-111
-1
-63
-68
85
11
-1
61
-57
-92
61
66
-33
-31
-54
80
16
-17
1
48
38
30
42
18
13
8
-54
63
9
-95
-47
24
35
-44
4
63
-34
-22
58
5
-48
16
25
-23
34
7
-26
-7
-40
-102
103
-50
-38
29
-1
29
-6
53
65
-30
-48
1
43
-102
-31
-54
25
-48
-12
54
19
26
-19
5
-2
-21
-17
1
19
-35
5
68
-116
8
37
-65
147
7
9
42
-24
46
47
-33
-66
-42
56
-51
16
-72
-31
125
20
-60
-36
59
125
-12
25
-48
8
27
-36
-27
70
-1
-27
-18
-56
3
-20
44
-31
93
-61
-11
4
16
46
-57
-26
1
-10
-55
-21
-50
-95
-2
-61
68
28
41
-32
9
-46
85
14
2
16
22
-1
41
8
-13
16
15
54
-19
-135
-112
35
9
93
35
64
82
13
55
-72
35
30
18
34
72
-54
31
-2
81
49
28
-37
-49
-5
3
-76
-25
-16
-67
28
70
46
-27
16
3
-121
99
48
60
12
18
-55
56
-34
-42
-19
29
-62
-82
107
8
-60
31
4
12
-62
-46
-1
41
-53
-4
68
-32
96
-24
-26
-6
80
-26
-43
-74
87
34
-5
44
-64
59
25
16
-97
36
43
20
-39
40
-20
1
7
47
-98
20
74
10
13
47
56
35
-26
33
5
62
-13
1
-59
14
-36
-1
-59
89
-14
-64
16
-33
32
-31
33
-34
1
-6
-23
-46
-34
-20
-13
52
101
-32
-9
25
126
11
31
72
-5
-40
29
63
-44
-37
48
30
-67
-23
-4
-19
-10
17
-45
9
23
-68
-36
64
7
75
-85
-38
46
-24
-20
4
-51
15
-17
41
-46
-75
-117
-10
-3
45
23
-43
-1
-91
68
35
18
33
-26
11
7
-42
-2
-100
-22
10
82
-120
29
62
35
-38
-11
19
-17
-4
-24
-10
-116
86
71
76
-58
68
20
64
-69
-34
19
60
-43
-49
19
-78
-2
16
-24
41
90
24
35
70
19
-58
-10
-1
66
102
16
64
-38
-74
-7
51
12
8
8
-62
-10
31
-59
-8
71
11
-8
-20
-63
-97
-65
9
-20
-73
1
30
-53
-15
18
33
50
61
35
118
85
70
-15
-103
8
-73
-4
-68
30
84
-62
22
-34
30
55
-37
-11
48
-24
-44
30
40
49
20
-69
30
104
-47
23
12
15
8
63
-1
-20
-51
-11
-5
-42
-15
-7
102
-92
-95
-75
2
-69
-18
105
-84
103
44
10
30
-58
1
-10
-6
-82
-28
87
81
-16
9
5
-106
88
-34
92
-11
45
11
-28
17
10
-164
-31
10
-15
-76
73
50
13
46
-54
69
71
-14
52
29
2
40
7
-50
77
-24
-74
-31
4
70
36
-33
5
-13
26
-40
17
20
36
11
50
115
24
-127
23
7
-44
-1
-74
110
-40
24
-58
39
49
31
81
-5
2
15
-15
-30
-118
82
86
3
23
-40
14
-33
-19
8
65
-50
36
-19
-63
-36
-78
36
21
4
-18
-80
-71
-72
10
7
12
54
27
-74
53
8
72
16
-21
-29
20
-11
35
-98
71
-59
21
-19
-97
14
-2
-12
33
-79
-83
-6
25
42
37
-90
-39
-91
-37
-88
-52
-100
-13
-41
-2
22
55
-51
33
-56
13
-19
-60
82
33
76
110
-1
-36
-14
41
-19
0
106
102
39
27
32
-48
9
-30
49
77
-54
-48
-35
54
-19
4
-29
-31
9
-30
2
-56
-9
-72
-8
-65
-21
74
24
-62
12
15
2
99
-1
-18
19
16
-18
-72
21
8
65
-49
28
50
40
17
-61
-80
-49
-25
40
76
-36
-21
50
-21
-17
-4
13
-43
49
26
-28
-33
-5
91
-22
17
-61
16
3
-142
-76
-45
81
-8
-29
89
-55
61
-23
51
-57
-29
-50
-11
-38
23
-70
27
5
-21
-42
-111
-85
-77
-77
-49
-34
-64
21
-2
50
-127
-52
39
-2
-25
-105
22
-13
-5
65
-8
-3
54
32
-94
11
10
-79
-66
-1
8
-81
-18
-59
56
54
-36
-65
-62
-5
131
-57
28
6
-39
-66
27
-41
90
-27
-59
16
-50
112
57
115
33
-60
75
28
17
1
0
-6
-33
-30
29
38
-59
-57
50
16
57
10
-4
28
112
-48
87
9
12
3
17
-40
-22
4
-47
11
44
-3
35
-45
42
22
21
47
-35
47
-11
34
32
-36
-63
-11
20
48
9
-36
-20
1
-99
-52
35
2
69
-21
11
-34
-13
8
-85
-133
-46
46
115
-30
51
6
44
28
-42
54
-17
4
55
19
-4
57
-43
-47
12
46
18
52
42
72
-43
-47
-120
-48
-14
-1
-17
-56
9
-47
75
-33
5
-5
37
13
19
-23
5
-18
21
-14
-7
-50
56
31
-66
6
41
69
-37
-38
80
-13
-73
38
-17
34
5
-39
13
-22
-32
-49
-33
-50
-87
21
22
-22
-12
-7
-65
-6
86
49
-82
50
-38
-1
-35
-20
8
-45
-26
58
-10
28
-9
-10
43
62
-64
-38
-24
-61
-11
-3
-39
-97
72
-46
85
76
-25
101
-65
17
5
-60
-63
88
40
23
31
-10
-32
-54
-16
53
56
26
41
-14
70
34
-65
-70
30
14
18
14
-9
42
75
19
-47
30
-8
8
-21
-42
100
-7
88
-30
-25
-34
93
-34
-101
