43
14
-74
-36
144
12
-52
-5
-61
-29
-25
7
-9
84
19
36
199
-30
3
-43
17
-12
-29
53
93
120
68
84
-8
-18
159
0
12
101
179
-89
78
44
-107
14
-18
-43
180
94
38
-24
-54
71
41
-58
-40
221
-167
98
66
45
7
100
64
4
-116
37
56
54
-131
33
-108
-47
65
62
123
32
-90
-99
17
8
8
34
-5
-11
2
-29
-5
77
-66
21
104
-141
-175
61
127
41
-53
17
49
-82
75
35
-56
-87
-39
50
72
-19
-9
-36
-11
-61
-14
-18
38
32
108
-28
16
33
8
-63
-10
54
46
-114
-24
-120
16
93
-30
6
50
-20
-114
52
21
5
161
55
-46
-90
-25
-25
74
84
4
-25
83
-109
-45
87
-72
45
-64
39
-35
40
-37
22
15
51
71
-41
53
-134
-50
-74
60
-126
-8
50
86
-20
16
16
21
-26
-158
52
-1
54
15
-40
4
-38
-31
-25
-65
41
122
5
86
190
-107
48
57
21
2
-16
-63
142
233
71
25
-5
0
19
-32
-108
-32
33
-31
-16
37
56
79
-36
-50
-85
-87
-43
13
-27
37
84
39
48
89
-29
-61
-62
35
-3
-66
-35
-40
-33
17
-58
-80
51
-18
16
26
29
-144
-75
-47
58
75
87
143
68
73
-51
25
67
-15
16
-16
-80
-61
-107
-39
72
19
-131
38
68
96
11
-20
18
-32
47
-5
-36
-21
19
-42
-89
-23
-134
140
-18
-72
94
-139
88
-42
112
50
104
-19
54
14
-19
88
82
-5
2
-118
70
50
-22
-112
7
51
-39
-88
-12
153
-50
31
-28
-138
81
70
-72
19
-40
102
34
83
-50
-96
-41
-38
-67
62
25
53
145
47
15
31
14
106
-39
230
-86
106
1
-129
-26
-30
52
10
54
100
-42
-43
-50
28
2
-117
-42
-56
-36
-104
-77
-31
-42
22
156
98
-47
35
5
-82
-16
54
-81
33
10
64
-55
-16
-77
140
73
41
-83
-96
9
-26
-18
17
97
-45
28
36
-32
-95
47
35
34
32
191
76
36
61
-5
67
4
-9
-50
52
114
-18
-18
-125
-81
73
64
-63
16
55
48
-33
60
14
-60
-49
-11
91
-39
19
76
-143
50
39
72
193
-26
-7
95
24
-27
-99
69
-55
-71
-153
32
101
46
-2
134
56
-31
4
164
62
29
-124
-38
61
28
-56
57
122
8
-31
33
44
-149
65
-17
95
51
161
109
-18
72
-21
-2
41
192
-49
-144
94
47
40
3
1
-43
-27
11
14
17
99
-3
52
-63
-85
62
73
52
146
-65
105
48
115
-71
10
-125
51
-28
-1
-45
74
87
-51
109
59
-30
58
1
147
157
4
56
-19
173
-50
127
185
99
63
54
-31
-101
21
26
58
33
-15
-9
128
20
-47
-27
-63
-71
-101
-70
41
-31
-127
-31
6
-12
37
-41
42
-47
-10
13
35
57
-90
-44
-66
-126
62
-35
-61
11
-36
97
-116
17
10
-29
-72
160
-58
-29
8
62
10
125
138
97
85
54
130
-90
22
-134
-36
-87
-63
88
-17
22
-27
-13
-45
-77
43
-56
47
-21
5
-73
-124
34
-28
126
-37
72
40
85
-47
11
68
-73
-124
173
62
63
34
-76
159
4
-116
31
56
72
-54
42
-6
13
-127
40
-90
152
114
60
-123
-111
128
-84
-108
4
-2
84
90
40
73
56
-71
-143
13
-11
-122
114
-141
-39
-91
-93
82
111
143
18
79
84
108
-211
-8
-48
-12
-98
-30
57
-34
25
111
-10
-38
7
16
-26
-45
55
-71
70
-30
7
-40
-20
-17
32
-22
60
58
-31
-121
132
-50
43
-12
13
-18
-87
62
20
5
67
-96
118
-36
-59
26
89
78
24
63
15
-52
-24
7
19
-7
64
40
-129
29
-2
55
75
-192
92
26
56
-16
-134
97
138
13
-57
54
-77
-21
154
59
56
-10
-10
-83
-238
4
42
-37
52
28
-39
-181
-5
13
-19
-22
27
22
-168
-29
62
-37
-3
-17
-28
67
-31
-63
-7
-1
82
96
-46
-18
168
-4
45
-19
155
31
-55
3
-11
-49
72
89
182
4
-33
-90
-73
-87
61
-51
141
-147
29
51
46
99
-69
-19
-81
96
27
98
93
-18
77
105
-129
-39
-51
-50
-116
119
-24
76
39
-128
36
-83
-142
-16
-38
73
169
28
-8
-74
-51
-21
29
-24
-168
-168
-55
-80
-64
-15
-41
62
95
-24
92
-15
91
94
49
119
49
94
100
1
-124
-1
-67
130
-71
62
-109
73
-62
69
61
173
158
-99
-118
-161
74
-42
-80
0
65
-27
120
-55
58
169
-57
-114
61
-30
121
-80
122
-128
-11
17
35
-17
134
-72
92
143
-29
-68
125
49
-65
-48
121
9
-83
-38
110
-48
62
198
-1
-96
-43
-95
117
-13
-39
67
38
-31
-19
93
24
109
28
-66
65
-56
-58
158
39
-41
62
75
-62
-142
42
19
-42
-10
-9
54
-8
6
57
91
26
138
90
-25
62
35
-8
-17
114
-52
46
-30
-41
-35
66
-82
-2
-154
53
-85
39
-81
28
-16
158
39
66
20
-43
-63
-103
78
80
-21
28
132
-6
1
16
-23
-80
-96
161
-56
98
-109
16
9
-14
109
