21
-5
0
-36
34
-1
-25
-11
-24
-9
68
-42
-28
1
-40
46
68
-40
37
36
-1
-1
13
-13
94
-4
21
15
1
-5
-51
16
18
-3
-4
23
0
-1
-7
27
28
-1
17
16
-48
9
-28
-20
-64
0
-34
8
-13
55
-63
19
-25
-10
32
24
13
-16
-31
3
-10
19
-25
-23
-23
65
-22
-1
-62
-21
-18
46
22
-61
46
-6
-4
9
22
-11
2
-7
-44
-13
-66
54
40
-21
-7
7
1
44
10
-25
52
-1
20
42
11
55
-56
-1
-43
-64
-12
1
25
18
28
-38
-12
-60
50
-38
-5
-33
-6
24
17
-1
-13
54
-9
29
0
30
-14
21
0
-19
34
4
54
-22
-22
-3
45
-2
86
27
-1
-41
-18
17
24
-42
35
-46
4
-67
50
45
6
-42
21
25
8
36
-22
-23
5
-16
-20
-4
93
52
15
-12
30
30
13
-3
36
-75
22
-58
8
-18
-12
-16
-42
54
11
27
20
52
-43
-30
32
35
19
25
-30
48
98
-15
19
-29
37
27
8
34
40
16
-21
-17
62
105
34
0
29
33
11
-9
14
-38
3
22
45
24
62
-52
-3
-9
37
-19
-22
-32
38
-63
49
61
-17
68
-8
78
-45
2
8
-35
-11
-2
70
22
27
12
10
-3
23
68
23
-6
-41
-47
-75
-22
-24
18
-6
1
-83
18
41
30
2
-37
67
63
-30
-3
45
-36
39
-6
-15
20
-8
36
-18
5
2
15
4
34
-41
22
48
29
17
-42
-7
47
-51
56
-37
6
24
1
-14
7
-7
44
-40
4
-38
18
-48
-11
42
-89
-70
22
-10
-56
-32
-34
0
7
-64
33
-10
-12
-3
-27
14
66
33
-4
-23
-58
4
11
-22
14
-33
8
45
-19
-40
28
51
16
16
-13
-19
-12
7
10
-28
-1
-24
-32
-27
25
32
6
26
24
29
3
-50
4
-5
58
-9
-38
27
-21
32
66
8
-50
39
13
5
18
14
9
-9
22
10
-74
34
-15
1
72
-43
54
37
-11
-27
25
-39
11
-17
15
-8
39
-8
-2
27
-7
26
7
-40
0
3
55
12
20
-2
-35
-30
17
-72
-24
1
9
56
-64
17
102
-21
3
39
-7
117
39
15
68
5
12
1
1
-8
-26
9
-40
49
38
54
-19
58
-32
35
21
12
26
-50
13
21
32
-40
-17
13
21
-37
9
61
-26
52
-75
5
2
58
10
-41
29
-29
42
30
-1
4
-3
18
19
-32
5
-10
62
-10
49
8
14
-11
-20
9
-29
-10
-19
40
-43
-10
13
-8
-23
-12
17
-4
-7
-1
2
1
5
51
0
7
28
19
-5
-19
-69
75
62
-8
34
-11
21
5
42
20
48
48
-26
-53
-58
70
-22
-3
4
63
56
34
2
-17
-15
20
-16
-15
-63
27
-32
24
-18
-28
77
44
20
-15
-4
39
-47
-15
24
-2
-19
1
17
-21
-7
-58
59
-51
-21
8
12
31
1
17
46
-41
-13
-26
-17
8
24
-30
23
-2
2
70
13
-13
26
38
-39
30
75
42
-21
-17
-25
12
14
0
32
21
-49
-35
46
47
40
-15
27
-19
-51
64
13
-4
16
46
-19
-49
42
-54
24
12
7
65
-19
0
6
42
-9
-35
63
-3
58
-6
20
12
47
48
99
10
43
63
33
-2
6
15
-24
38
39
32
-13
-96
-126
49
-13
-1
25
51
-63
-2
-11
-35
73
47
-5
-11
20
-66
-7
28
-58
90
11
-38
25
9
-16
-21
-21
58
26
-8
-17
-16
31
135
28
2
-38
-7
-6
9
42
4
24
19
-32
8
51
27
46
20
4
52
12
3
4
54
11
-31
66
-29
18
8
40
-10
61
-32
20
30
47
-10
56
-1
-18
77
-22
-24
-43
0
-39
-22
-13
58
-2
-25
-12
50
22
2
27
-6
50
5
-18
43
19
36
-40
-8
-2
11
-14
24
-15
-4
-26
-30
6
-11
-47
76
45
34
-41
119
59
-13
-3
71
-35
-17
54
-12
-54
58
-9
57
1
-3
46
30
-35
-73
77
59
55
-51
-44
-3
24
37
6
17
12
18
23
-45
-12
15
12
-47
38
-28
4
68
-47
14
-1
12
99
30
-60
-21
12
17
-34
0
4
16
-5
10
10
65
-42
-7
22
30
-8
52
-10
-7
42
-12
61
34
-53
-26
-9
44
37
23
-22
-3
41
-34
-22
9
-7
2
-3
-27
15
4
93
35
0
24
66
-56
-14
-59
-22
14
7
6
-31
62
-33
41
27
115
43
-38
2
8
7
-47
13
55
9
-79
78
28
-15
18
33
31
-31
33
37
33
-19
-32
-41
12
29
5
33
50
44
5
-1
-69
26
-23
-78
-8
32
-39
5
54
18
-9
-31
126
-21
63
-11
7
59
7
-34
19
-19
34
2
-10
19
20
12
-5
22
-15
-34
7
12
44
-12
-38
30
38
14
4
-12
-18
31
56
66
-40
7
38
31
46
25
55
35
-65
29
60
9
-35
-36
70
6
-76
0
-27
29
-1
-30
29
-30
9
24
-48
58
-2
-29
22
58
-63
26
-16
36
-13
-17
-2
18
38
-6
-25
13
-49
-3
10
-36
8
34
-59
-38
-6
