185
272
232
-94
56
-90
22
-109
-21
70
-202
63
256
104
79
-3
31
-15
-1
25
118
192
-36
134
17
55
194
99
165
75
-44
-78
-143
-30
53
87
-139
84
247
17
-150
-182
1
58
-58
-59
71
16
95
-181
99
-47
-6
-15
151
-205
-7
-53
192
2
130
211
-25
-11
-10
-32
-51
69
-52
76
-63
-21
1
213
5
-25
125
89
200
-107
50
-113
-131
-26
-89
68
162
116
119
139
173
-88
187
28
-287
67
34
101
-49
128
149
114
-15
-54
-54
-101
-121
-159
-87
-350
-104
-125
-4
-181
231
128
-63
119
-60
186
94
-277
-39
-242
337
125
35
-290
-191
-95
70
144
-50
-139
181
-46
240
114
-141
-57
176
-54
44
-11
95
-121
67
46
112
156
30
238
86
155
-215
139
-71
146
287
-91
-41
-128
56
-159
101
-97
47
99
133
69
-107
-13
101
-76
44
2
112
33
144
-214
-33
13
19
296
213
101
20
132
15
-64
-33
80
-160
-26
-48
35
212
120
-29
243
167
31
280
-95
112
43
-284
-101
-78
81
257
257
145
-93
-27
118
-143
-95
77
181
14
-108
-42
-130
102
-7
-23
-81
6
34
17
-157
-114
106
177
247
47
-124
3
-22
-290
123
58
14
-37
-101
124
59
81
-216
-58
229
64
-43
-3
41
113
-230
170
-1
-44
250
98
13
-21
-86
262
264
-330
72
11
-79
1
28
68
56
-49
35
48
7
110
9
-53
-86
206
-81
-121
87
16
54
97
109
25
72
239
44
91
-4
40
56
53
-217
244
1
-35
126
-133
75
14
-10
-69
250
5
96
-24
-193
43
135
70
34
220
373
-16
-44
-82
69
-2
91
-33
-4
105
-47
22
57
-12
151
44
121
34
116
-80
-208
-71
52
24
178
10
37
55
-151
31
-288
-34
-152
50
130
-10
3
-108
-193
92
16
72
12
95
75
-33
-121
-126
130
-55
-187
-110
152
16
-58
126
-134
-305
21
-108
195
-56
117
-65
174
118
25
-210
-74
126
45
254
-374
96
-50
237
48
-37
165
7
89
126
-122
-185
52
30
79
170
175
-25
37
-84
210
-208
-28
83
-166
9
-100
-27
-188
-133
-161
-48
99
-215
-200
-164
-76
-41
238
-123
70
-18
80
64
236
-235
-192
53
26
-131
-35
7
-170
-27
-106
-77
-26
220
268
121
69
-185
197
60
-98
-41
128
-141
-160
49
-34
-190
141
171
196
66
-78
-51
-122
-48
74
48
108
212
-139
140
-41
93
22
57
110
333
-89
70
56
-136
-155
84
136
-173
-4
-127
-52
-312
-62
276
153
-17
-116
-138
-238
51
-55
-65
-143
-259
25
-41
-28
-237
-68
212
-12
-1
117
-139
-189
120
-113
16
73
-10
-19
-7
-88
-88
-50
256
-32
150
70
159
-64
175
-31
44
-45
134
-71
-18
243
-35
-62
201
128
-59
-322
38
93
37
-48
-17
66
-233
24
14
-176
124
16
142
-218
-36
-244
-194
45
-84
193
-126
37
133
38
-12
98
125
-163
-225
92
47
128
-120
27
-240
-28
-43
96
179
38
-52
-30
-335
-60
-235
-217
93
6
292
-119
7
127
-68
73
-61
-18
165
49
15
-210
-213
-151
-108
77
63
93
26
40
32
11
291
53
43
-118
31
166
-80
344
-165
216
-11
94
-241
-41
71
0
-50
-200
-122
118
-325
-174
-285
-136
-134
20
-257
158
-15
-65
126
-92
56
123
-70
-49
-17
53
51
-239
-94
-311
51
88
-24
-115
-63
106
279
20
-33
-74
132
105
27
117
-5
86
9
248
-162
0
65
-10
-14
111
126
-55
-173
-91
187
87
61
-22
225
119
54
-79
-93
127
-97
23
135
133
97
-51
228
102
-95
1
-190
253
55
-2
130
-44
98
-86
-29
55
-171
117
41
-186
-139
-24
-96
154
-1
-126
8
266
134
-297
-207
-151
38
116
-23
-210
11
92
-17
-82
108
-44
-17
-130
68
-20
124
-175
-5
97
169
153
-9
128
200
-55
93
-18
-4
36
-29
39
16
-254
56
-78
-124
110
-36
42
78
167
-51
-249
9
-39
-1
-33
257
-173
107
-2
58
87
189
486
9
91
178
82
30
1
14
123
-134
-12
84
41
136
-253
72
-119
57
66
-150
-200
-40
-191
-38
153
-80
120
35
8
-20
66
-16
-69
90
147
65
172
130
-176
27
526
-94
-21
171
43
-277
-127
-150
-80
213
145
81
-34
-7
-10
220
178
-221
102
-16
-206
29
16
-222
14
-85
-123
66
52
176
-159
-61
-34
-127
-70
351
119
323
161
-3
-101
110
185
-94
-282
83
-111
1
-339
-33
-51
-40
202
-136
-175
-12
129
-98
-71
-210
97
-54
-18
102
-174
21
17
-165
8
-38
-116
-203
-41
79
29
104
128
67
16
-131
-99
-18
-51
-131
-87
5
237
-72
146
-11
27
174
-106
-89
-302
-2
34
105
-103
60
206
-40
-3
-78
89
-87
-40
-276
-92
-141
19
51
109
-95
140
13
-7
-42
200
141
267
-113
-63
-104
150
-76
8
21
93
-78
-233
23
-270
78
-182
5
131
79
-248
268
-163
-53
323
-98
-246
-107
0
79
48
125
-116
-127
-269
-50
111
55
113
68
95
68
-73
-223
234
73
132
-87
30
307
135
-304
87
47
112
-261
-121
-120
20
-97
-64
194
145
125
-63
-106
-27
-51
97
103
-39
113
92
95
79
62
150
96
52
10
123
76
-173
-76
-60
-69
-23
-130
-163
34
-149
145
-100
-57
-148
-126
30
44
-51
-84
192
138
-101
92
73
-141
-214
-162
-13
204
-23
-76
252
-34
-50
105
-154
-165
14
24
-117
73
-57
169
37
116
81
-2
-14
-120
-84
169
195
-140
137
119
-119
190
2
-124
-133
-217
-45
-18
67
-33
133
-48
-30
-418
134
81
-35
-154
140
-20
-42
47
-107
-183
-115
176
-226
68
-139
-62
-423
-174
202
86
96
80
9
-195
-131
57
-64
-105
-120
-25
-45
119
-7
-30
-240
-17
-28
-158
-189
90
-90
23
29
14
-57
-23
31
201
97
58
70
90
6
44
-17
-110
37
-15
-32
100
56
47
12
-83
-16
109
162
-186
-100
20
-96
-59
-184
40
-18
166
40
-148
-218
-67
74
-282
91
-100
13
142
124
73
-28
81
49
-65
144
-96
13
53
164
-90
25
197
74
126
305
130
250
34
151
-313
184
92
-27
9
22
158
57
-203
-11
-247
-3
-16
44
-128
143
-85
-75
179
67
263
-456
-219
16
32
171
-140
39
123
-182
-20
151
76
-112
-178
-23
232
-80
142
-212
261
65
7
36
-83
0
145
60
62
-7
174
141
125
28
-174
115
50
0
1
-284
-78
179
172
1
129
-117
-61
-154
-134
158
-165
51
55
300
-100
-84
-38
69
-180
-156
12
76
289
-161
-230
-178
-10
-361
26
-64
-67
-185
64
-118
105
-151
386
182
228
-137
-6
6
-50
-32
-241
-236
202
88
-72
-254
-57
-141
103
53
40
2
-172
141
-291
-194
4
49
75
-97
-91
-43
-49
-334
-58
285
71
-30
-2
15
-9
-67
157
-36
87
-193
149
-27
68
-38
120
23
-171
60
74
98
4
52
-284
189
194
198
194
174
27
-225
219
-6
-172
-268
187
35
221
-73
-176
-119
-240
83
-265
145
81
-126
-125
130
15
87
51
50
-158
-219
-61
60
72
-65
27
2
265
409
-90
-152
-2
45
150
59
-226
-29
235
-46
-58
63
159
50
155
135
91
-157
28
-121
56
1
79
-105
-96
-104
-30
58
-23
11
42
32
-100
4
-54
-150
164
-176
-65
-13
159
-20
42
172
153
-136
-36
-150
133
-28
-84
-63
-2
-177
29
-8
1
164
72
-294
-40
-185
106
-174
104
178
79
-166
-233
-8
238
-228
-64
-31
-220
40
-13
110
47
45
-24
14
63
130
189
-289
-91
-82
112
58
-63
-93
-34
-28
-83
86
-148
-111
93
86
53
-88
-134
109
92
-216
-391
109
-124
196
5
-32
198
40
6
135
433
163
119
144
23
-91
140
115
-55
-43
74
13
-21
-128
-59
-206
58
-222
-102
88
82
14
-9
270
56
-70
-130
-204
-16
94
171
14
-230
-183
-61
133
166
146
-233
97
61
18
-83
-69
218
-207
24
13
-100
83
-42
186
-201
-16
50
-97
98
-56
65
86
388
-22
-49
-272
-109
109
-79
118
-71
93
-16
-112
7
3
-93
103
-181
-78
-36
-175
111
79
92
184
-217
241
130
56
38
65
43
55
-23
164
-54
-18
-5
-112
-249
224
-74
98
140
101
-179
153
75
-28
-143
160
89
-7
-228
10
-89
149
-84
-169
-57
-265
-35
33
-2
-206
-69
105
-103
0
-218
-119
114
-44
-133
148
-98
115
-138
97
243
114
-30
-26
14
209
-86
-105
266
14
-62
-49
-357
-97
-75
415
19
305
96
229
136
-128
-166
-55
1
-127
74
167
27
56
59
-55
-90
74
-24
-39
20
140
-64
29
-167
-202
-431
-61
-127
64
188
93
86
-8
62
35
117
142
98
10
-61
-105
-126
-85
-150
55
-149
124
40
-205
36
-161
-222
-62
-379
79
-69
-106
14
-119
-237
116
-31
-107
144
-48
126
205
169
76
-46
-203
-204
117
143
-109
26
-167
96
-41
7
-40
23
126
-169
105
33
-164
68
-169
5
125
-234
36
-12
46
-50
24
171
69
-53
235
-182
182
13
-172
70
62
60
-170
-57
-232
62
326
-59
112
-72
-55
-70
10
-97
54
23
-24
153
62
38
200
77
207
138
-157
-217
169
77
-20
227
-86
-24
185
139
83
-110
75
-271
-114
-3
51
211
93
100
-4
120
-87
-27
23
18
-43
48
113
-15
-39
39
-64
-42
-92
-46
-182
162
17
104
1
61
-127
-110
102
253
17
271
6
-82
197
-27
-135
49
-159
-161
-156
73
174
42
60
-87
-251
-49
-207
-30
-35
29
-10
-114
53
-23
-13
-82
-38
-252
52
35
-41
41
-346
10
-64
-22
223
174
208
-171
-1
100
-63
64
-34
-133
-47
-77
-75
27
-27
158
158
41
73
-164
-145
12
50
-64
-21
-6
-82
-80
-99
-19
202
17
-119
-173
47
-283
-29
70
-36
184
-60
60
100
128
-144
-189
46
120
-22
-21
307
117
149
170
222
9
-111
150
228
65
122
126
-98
20
-191
42
-7
-100
-14
-133
33
-119
-141
1
42
-385
-50
-204
-175
146
-1
-45
-71
7
-208
-93
156
155
251
193
-70
119
23
241
67
56
196
-150
67
277
-98
-14
54
-191
-143
73
41
31
-120
-44
-86
39
-87
231
112
-176
89
-183
-128
229
64
363
-53
-38
-143
25
-15
35
-41
-164
-125
-3
-24
-91
97
17
-222
74
-79
34
-286
-38
146
-191
92
-35
151
214
-145
-311
18
-2
-2
-80
-65
-44
-4
-34
94
65
-233
-147
-13
-123
6
229
-92
-47
96
-76
-214
-6
53
115
72
46
57
58
12
7
3
-102
-173
-40
150
-156
7
-124
83
-85
-19
-27
144
143
-23
161
33
-51
-109
87
-88
-49
23
-84
228
-126
-22
-121
58
0
-45
64
-187
-47
66
358
-5
-212
-22
175
-185
-179
139
-18
-134
-58
-172
100
-182
203
-55
-140
-181
84
151
71
116
-40
73
-176
175
-7
-173
90
-17
-126
136
77
15
-190
-118
72
197
166
-27
215
48
218
463
21
-14
21
54
25
-116
15
-329
-124
-35
-29
-33
-189
120
17
-146
-65
77
-80
-42
-105
-62
-21
12
-51
-37
-125
-68
142
-116
89
98
-66
-147
-41
-173
55
9
-152
201
163
48
-130
14
-114
11
90
20
84
133
-154
63
-222
-94
88
-72
-54
-37
-12
-194
-93
-76
-77
-113
-136
103
99
75
163
29
57
126
-84
163
-37
23
69
-52
-116
-50
-155
74
-165
-134
109
89
94
88
-198
32
40
-147
-24
-89
183
-1
-107
303
110
274
14
-197
58
112
105
-58
92
1
-190
57
174
-47
7
65
40
19
-76
-215
-30
-120
88
19
-265
151
42
-103
-105
25
-2
60
-5
-11
-67
-153
-108
-267
-147
-163
80
301
44
37
73
-343
-29
-42
217
59
121
136
-253
-83
70
136
33
-172
-98
-223
138
48
218
-200
-84
-103
181
175
114
-46
214
185
-147
-26
52
-96
-3
54
-60
-189
162
-86
107
10
-69
63
-16
116
-127
54
-158
47
-127
89
70
-199
-226
-189
169
-93
111
-164
51
-187
47
29
-60
-47
16
-64
-53
93
127
-158
74
181
-87
-32
-290
46
-7
-425
-75
130
-121
-72
-384
60
181
31
-31
155
-149
-235
-20
-74
-145
100
71
106
4
-28
30
-40
114
63
-6
8
97
-259
-122
48
-26
181
233
206
57
-30
297
62
-9
-14
90
204
-75
-144
-61
-260
-11
-131
128
-70
171
129
27
-47
-98
161
2
-115
-45
283
19
220
-82
34
-3
-37
117
-1
-82
3
-14
44
-92
-127
-98
105
171
-57
13
2
-121
96
-106
81
109
33
22
282
39
-38
96
-119
-91
160
-76
92
46
166
-23
114
-192
-93
-65
-153
71
-82
10
50
264
-42
60
-54
106
201
-218
-79
-79
98
-24
230
34
152
177
-22
111
-151
230
-88
-66
-193
240
238
19
132
-101
40
128
-73
20
115
71
54
141
180
98
-37
181
84
183
179
-250
102
78
167
86
187
-67
-169
170
-60
-51
-109
89
-128
-169
231
28
61
-329
-130
103
-102
-184
138
24
122
60
-19
-102
-71
-5
235
35
-12
126
-50
-32
74
117
-55
-39
67
-170
-27
-136
45
-135
-18
-73
-62
-138
-25
16
2
6
-66
-22
124
62
32
64
62
75
24
183
5
-25
156
13
22
-251
11
185
-163
28
33
82
78
-101
35
-54
-91
58
181
-43
-198
-75
-149
56
130
-19
57
-86
56
-82
39
119
-38
-166
-62
-79
35
88
49
-118
247
107
-125
131
-28
73
-33
112
46
-74
-78
-54
187
-176
-150
125
150
-157
144
-117
-3
-52
26
-17
-38
294
190
-17
253
-307
23
10
30
4
-104
25
-119
173
6
-67
57
-292
-130
-285
-119
-125
-154
-64
12
82
93
-195
-57
-47
-9
-371
58
-217
168
165
-71
-175
-41
-231
133
24
65
-62
255
-66
-2
-13
22
-43
-61
250
-112
-161
53
32
-263
-89
-59
129
-51
-92
241
-40
48
-75
7
-58
222
-54
-33
50
57
159
263
-167
14
-255
128
-51
193
173
-114
145
82
-105
16
45
126
2
-50
21
112
-170
-99
-160
98
-214
-76
181
63
-175
179
270
271
330
5
156
-47
-77
24
17
-75
-76
-148
238
82
-44
-141
-13
7
10
-67
12
-10
-28
120
-252
-183
-274
-10
311
100
-33
104
-240
-65
-46
-59
-111
177
-60
-4
274
193
114
119
-53
8
-106
199
123
73
-314
-145
-52
14
23
-8
-118
-162
132
-198
-167
-44
94
16
-109
-155
150
-72
-140
-46
76
54
94
-72
222
-113
-33
49
138
-372
-6
6
-139
112
-91
63
-30
-59
175
-63
195
39
-152
-38
-165
128
93
-106
-81
-17
-83
228
100
-375
293
138
-14
-102
6
59
-6
12
-17
-89
-313
-284
204
-125
-19
-33
-48
48
160
-150
-17
-51
40
-122
-27
-150
-90
-69
193
254
-126
15
63
197
-50
68
73
6
118
82
23
50
-122
53
92
-294
303
31
164
27
-145
167
96
-35
-113
-150
-1
-40
-39
-69
69
99
56
160
-84
29
38
33
107
-245
-130
182
130
19
125
-15
-227
-62
-37
-25
176
-104
34
97
35
-48
-64
-28
129
-263
-106
-46
-73
-205
-91
-24
-33
-176
-233
-83
69
80
20
66
-213
-116
-140
-297
60
-1
-102
-108
162
-48
-142
-97
95
-63
-244
-2
-95
-68
-117
-363
-15
-65
170
-31
-32
4
-80
90
103
-6
-152
-62
-31
74
223
-83
65
342
-59
6
166
347
-100
-150
-67
-47
-93
-115
-57
-101
