-90
-67
-146
-137
-114
28
164
-12
-355
-279
-2
306
-128
267
-54
220
104
32
194
-9
-127
118
-130
-34
534
147
-103
-120
236
-91
38
-171
-49
-105
-608
50
198
-78
-401
-43
53
-97
173
279
-4
233
312
89
4
176
458
-119
-50
-94
-27
-104
-210
483
-89
1
7
221
108
77
-99
25
170
-70
14
-186
58
247
-195
264
44
44
-123
486
-127
-58
-321
19
-396
92
-280
-172
200
-205
19
-169
50
0
-380
-391
-154
110
-264
-65
-439
240
-394
20
221
33
47
-127
284
-8
130
-403
-101
287
-377
-9
315
-347
209
106
-138
2
217
21
-149
239
164
78
-440
223
27
51
-340
-432
315
217
-23
-80
96
-368
208
-319
-245
56
357
194
-25
-201
9
-55
-304
-303
-185
49
-57
343
-1
235
-32
207
-70
164
91
-359
-160
22
65
-391
-246
129
-217
-84
49
337
402
52
147
225
219
-91
119
-114
21
225
-190
-52
78
-68
123
-134
-460
323
-39
-212
-88
20
13
110
171
183
142
-169
149
100
165
-157
-266
-47
27
-23
-80
61
271
-184
17
-18
-21
344
-372
-135
-138
-30
274
-94
-76
63
6
202
-56
226
-178
46
54
-386
-229
4
-49
-67
-170
93
-44
-66
35
81
-176
-332
-344
-67
-68
-355
78
320
-314
7
-75
-37
-26
176
307
-257
-263
-316
125
-365
-328
-175
-10
-386
239
-333
-86
198
-390
-72
9
-466
136
-109
-24
-263
-229
-97
180
36
0
-4
-193
121
-13
-388
-229
115
-148
-43
0
-48
158
-66
56
-148
28
-214
6
64
-43
21
19
109
171
-12
-80
-198
-157
26
-37
-317
-433
155
109
96
-7
21
-3
-31
-1
150
81
93
197
-75
285
-194
577
49
112
75
19
-45
-286
-76
97
164
-33
442
192
191
-265
-93
-216
-135
137
71
213
-241
122
238
20
199
65
356
76
-181
296
-67
-266
154
-7
31
-538
-234
45
142
1
-9
-240
42
202
-57
340
10
-36
-370
-181
9
-173
-85
-18
467
-113
-124
-334
277
-211
165
44
16
-199
-405
-16
223
-130
-151
-609
264
-288
-80
181
-278
150
-226
-22
-330
2
-477
-117
153
-80
54
234
-105
188
-71
-5
7
-145
19
84
-303
-28
164
124
20
341
110
-45
-313
240
-54
-124
-40
468
-37
206
436
-54
14
-282
-9
18
159
-242
-26
282
-65
-42
138
-112
359
-31
-154
110
222
-53
-92
96
86
161
24
-200
248
191
-421
-79
-324
-547
384
77
-109
-365
240
30
-184
-149
-47
-133
-286
-104
-137
-41
-174
-149
12
-255
-91
-84
-130
-49
-316
-263
-284
-461
-99
85
-183
339
-113
393
99
-91
-153
277
-444
-421
-31
308
-382
-227
327
-43
-103
149
-168
50
-65
243
-58
-338
-85
363
116
-265
-149
119
42
-85
200
102
239
-111
80
275
-28
1
-35
105
-37
122
-1
11
-3
12
151
-51
3
-111
-96
-371
152
364
-328
-238
-29
142
64
-296
-165
33
68
363
-9
-350
116
-87
-324
-329
16
18
-42
404
-77
-381
135
-85
-222
-17
209
148
327
43
-138
-6
-63
163
-59
-66
81
-460
439
-374
-2
306
368
3
-134
-351
-41
-492
-64
0
-121
-151
42
119
-257
-315
98
-240
198
301
-22
-43
-122
257
0
-306
-85
216
67
77
178
-16
-93
-172
10
175
312
-81
-316
60
-96
267
-89
319
123
-173
-51
219
-66
8
-77
-251
-85
-370
127
-223
-104
-7
-243
15
178
410
-28
114
85
-13
64
226
419
403
-195
36
138
-112
38
288
-85
-46
-193
-209
-164
-353
-559
-258
-79
-135
94
177
180
-65
-195
-162
53
362
-218
72
90
258
-144
21
-73
-127
-577
-68
-74
-137
325
232
-62
9
-399
74
-29
-1
95
230
-124
310
-185
2
3
26
-39
285
-31
114
-55
-142
166
33
-222
-146
-6
-204
60
-202
-88
-376
-396
50
264
234
-251
-25
282
-61
38
-29
-89
-224
-46
-209
-37
-84
45
-54
34
-234
239
136
-150
-33
168
174
-193
259
-120
-170
114
-74
200
84
115
123
28
-212
-341
35
-55
115
273
-249
548
-124
-290
-95
124
-219
89
182
-416
138
-123
32
76
88
-72
-129
43
-63
53
-4
-181
-36
10
-21
-197
-317
-16
-116
-131
-152
-86
-128
-19
-252
155
-436
111
-78
247
-101
83
46
-127
5
-104
-234
107
-67
-30
39
82
-254
-318
257
-43
-101
-202
214
23
-185
-62
13
40
-133
-431
53
293
118
1
116
159
27
368
216
-39
-103
-134
-159
0
-154
-147
-198
196
-142
251
-323
312
-179
50
51
87
61
-378
80
-186
80
88
332
-287
-67
-153
100
11
-49
56
29
235
31
14
-134
-120
125
-267
313
130
86
-138
-94
-138
6
172
-223
-46
55
269
-370
-286
-174
294
187
94
48
-1
-158
-314
-49
154
490
-54
359
-462
-121
-64
88
125
68
-163
19
-336
-237
-331
141
289
-135
-13
-42
-101
-19
2
69
-10
200
186
-265
328
131
-430
-51
-147
280
75
-278
-349
-226
-406
73
-16
26
-43
-179
187
-117
39
-37
113
347
-218
-332
-100
-182
309
-21
90
36
55
-312
-104
221
-241
-233
-71
161
104
-117
-101
43
-104
-129
404
-150
4
105
211
-287
-28
83
8
-261
-82
-91
203
335
-24
21
204
278
-377
-157
144
116
321
-94
-299
159
-235
-126
-205
112
-26
100
-276
-55
-6
-14
-271
142
-171
240
104
53
-112
-47
-74
-100
100
203
84
-96
-294
-337
-40
-250
179
290
50
-60
147
120
-154
90
297
-2
9
-55
201
168
78
190
362
-151
97
-137
430
167
-40
55
50
-109
9
-276
-160
-395
-170
-131
16
-24
106
-57
1
-9
206
-89
-319
-217
-259
100
-187
-84
-208
87
350
128
-29
105
-101
76
17
135
267
5
-88
251
-64
-389
229
-118
49
65
-34
-93
-97
-338
393
113
-49
289
87
82
11
59
-102
-157
388
250
-230
33
-335
-204
109
-175
245
-414
-9
109
-225
-123
213
49
23
-362
-313
-56
233
358
171
75
127
281
-15
5
122
69
-158
-207
-5
0
-312
-11
-93
-115
-35
-101
-164
-136
8
208
-34
39
-191
-92
-240
-15
-227
217
306
-185
140
-228
-63
-197
-120
-124
190
-135
-77
-193
129
33
46
-377
-154
-27
-191
-164
-112
-138
185
-350
110
-126
-51
267
158
-280
-150
-122
-156
-97
-217
81
34
70
28
-40
-14
-447
41
148
335
-226
187
186
214
-362
54
-350
-257
-320
67
-170
67
-237
-192
-187
53
-13
86
-78
-152
-87
-405
-6
77
-31
-10
-177
28
-71
-106
441
-120
168
-5
122
15
183
111
35
-54
-62
-122
87
81
-273
14
170
332
-51
197
493
-272
85
-35
196
-283
-428
-63
294
-73
-375
374
-7
127
-66
233
-218
-200
73
-111
97
231
-47
464
-191
70
208
3
-221
-221
180
-122
168
-18
-283
41
-63
-264
130
103
-270
253
26
-59
-202
-144
-381
-215
43
-77
17
20
-145
-421
-67
-245
16
-301
-282
243
-102
13
135
-263
-243
-102
75
156
-82
-137
35
-1
13
122
-57
-164
148
11
116
-158
204
-204
-173
-90
79
191
-74
31
-60
8
-298
-186
-55
-180
-20
-57
-48
-270
-445
148
399
-201
-45
-189
-105
197
-274
246
-364
4
-100
51
-305
279
-265
-53
-15
41
228
568
219
25
325
227
-25
-148
-244
-48
-30
324
-40
-408
-223
-6
49
-96
-81
-26
112
78
-106
-68
-326
19
69
172
80
125
-96
244
25
-197
-94
-252
10
-209
-199
76
-358
-116
278
137
102
176
-57
-159
165
-83
42
-117
79
198
-27
73
111
-201
-124
-232
-75
-68
45
208
-25
-22
254
-71
-74
-194
236
116
-174
-63
-38
-192
478
206
-210
333
351
-233
82
174
-277
321
-81
202
-120
-392
-41
12
-48
150
117
185
-139
-82
157
380
-163
-158
-206
-163
242
58
-110
83
160
138
-6
-88
101
-201
-270
200
-59
-201
-103
-289
10
-150
68
-26
47
308
141
-192
-40
-413
-29
110
-130
38
201
-202
-158
-258
285
148
9
267
-430
-161
-158
-27
-18
-183
-10
-189
-287
-25
-414
24
-104
-47
-138
-270
-244
27
-152
-48
-113
365
-199
559
-529
-28
-136
214
-294
-174
-74
168
180
-321
77
-169
13
-142
-7
194
-154
-79
220
285
-90
-85
120
-71
-79
-152
215
31
-66
-178
-141
-251
342
-27
-110
-281
77
-6
42
112
-178
38
-249
282
-49
140
-230
-56
77
-278
-422
-32
-48
-2
-27
-231
142
-77
-5
30
205
284
14
-207
-52
43
-53
537
20
-125
-222
299
482
-29
-107
9
105
-276
16
-225
-77
-307
-59
-173
-319
-208
-161
399
-114
128
-261
-106
-6
606
3
-70
334
21
215
131
-181
159
206
-15
53
75
292
94
9
-49
16
263
25
-49
115
-127
1
55
-304
251
482
38
-41
-45
296
-255
-200
191
-118
-236
16
135
63
141
0
-114
-218
-181
-233
205
-196
100
127
-224
-311
-224
80
-69
34
184
-166
-46
-25
-275
-115
-57
-122
158
-250
-125
162
20
101
29
435
31
162
6
-268
-181
144
-397
-317
-352
87
-318
-417
114
-76
-446
81
-127
-478
110
-161
-23
-213
186
384
-167
34
219
432
39
-36
-329
160
-177
226
-184
-60
-58
-45
-16
-271
16
381
-166
-152
-125
121
-334
543
180
-214
89
59
-162
34
-248
214
-116
-4
-19
-17
38
11
39
108
-16
82
-144
150
183
346
241
-218
264
157
-153
-35
192
-120
-244
-220
163
206
-145
-74
-350
25
8
-89
133
16
-126
-204
139
-45
53
306
-121
-248
-98
-54
-27
4
-149
216
142
-270
363
-87
27
-152
399
-5
126
60
-396
44
-95
-94
426
-239
-126
-330
83
84
127
-92
199
-191
-362
-463
-52
166
-17
468
225
-184
149
-342
301
15
183
-50
-102
482
-6
-139
-5
-147
-105
-231
-137
122
188
18
117
428
41
-200
-8
-222
-204
-213
281
66
218
-101
173
98
-165
-316
-130
-560
-47
26
-231
-298
-219
60
140
29
-107
-292
71
-271
117
-335
-207
163
-255
-62
-30
93
-8
-67
-114
177
-174
-95
-289
-477
165
-408
-261
-121
-114
-52
5
-93
140
-308
149
113
344
264
-89
-289
-98
342
-113
331
-100
-322
-182
7
-49
357
-30
-513
-58
-340
-214
-185
6
14
-96
87
71
-30
-114
100
0
-109
-201
592
-81
27
-79
109
-222
0
-139
-200
208
-171
-120
163
-42
-168
-118
-363
136
220
-233
-162
-340
-132
9
166
-55
-98
-301
76
-126
-132
-127
249
-34
213
-143
-4
17
307
-286
