[[83, 1074, 16, 1048, 757, 175, 601, 260, 563, 699, 531, 612, 77, 1033, 705, 244, 128, 308, 1059, 831, 976, 1092, 856, 720, 70, 450, 746, 130, 248, 236, 1094, 410, 942, 988, 171, 718, 1061, 213, 531, 157, 1050, 758, 1138, 1156, 761, 167, 392, 157, 1144, 114, 873, 490, 625, 1094, 737, 983, 1093, 1018, 208, 345, 889, 124, 886, 1131, 675, 172, 83, 1187, 710, 270, 672, 556, 1114, 1077, 418, 1171, 308, 106, 1069, 445],
[958, 453, 465, 1188, 652, 520, 643, 1140, 881, 279, 178, 453, 280, 79, 1083, 636, 425, 1129, 229, 167, 619, 625, 1085, 1113, 1070, 374, 1158, 78, 78, 934, 1174, 647, 544, 753, 31, 378, 757, 579, 963, 715, 1023, 955, 1, 73, 385, 1086, 841, 1, 330, 720, 69, 1052, 882, 184, 737, 450, 244, 741, 968, 363, 7, 308, 764, 644, 1172, 1157, 836, 236, 856, 364, 240, 20, 719, 69, 1146, 319, 228, 713, 946, 161],
[572, 59, 832, 364, 1043, 727, 711, 242, 970, 1053, 760, 1090, 297, 407, 1125, 700, 484, 837, 904, 72, 1178, 511, 53, 852, 713, 787, 1182, 507, 266, 1062, 303, 88, 477, 1028, 252, 1021, 218, 677, 725, 163, 570, 36, 159, 441, 766, 353, 347, 484, 46, 944, 735, 158, 191, 521, 588, 781, 128, 1018, 217, 896, 1177, 911, 369, 602, 163, 298, 330, 1169, 806, 239, 552, 873, 98, 233, 1171, 1148, 975, 466, 241, 487],
[77, 1152, 772, 308, 302, 749, 859, 895, 517, 435, 911, 1192, 1158, 907, 1093, 1005, 1038, 789, 333, 894, 220, 898, 836, 695, 1171, 814, 348, 878, 150, 901, 590, 718, 238, 598, 946, 41, 90, 942, 1166, 203, 540, 357, 446, 3, 103, 1129, 1075, 711, 991, 821, 254, 144, 1032, 593, 934, 604, 96, 161, 815, 26, 331, 1052, 580, 41, 604, 285, 506, 1115, 181, 465, 403, 892, 318, 680, 1100, 623, 61, 100, 817, 582],
[1180, 989, 731, 670, 429, 759, 1045, 862, 402, 855, 507, 1035, 618, 202, 389, 367, 853, 899, 908, 488, 753, 719, 439, 639, 994, 273, 574, 771, 196, 943, 884, 245, 1107, 1165, 1058, 698, 265, 435, 966, 729, 1138, 108, 308, 940, 675, 203, 343, 365, 1188, 863, 213, 900, 757, 250, 996, 66, 910, 926, 237, 1170, 102, 474, 133, 929, 566, 226, 1173, 1179, 640, 526, 856, 305, 1070, 271, 1159, 103, 541, 654, 64, 9],
[442, 1120, 511, 1015, 484, 744, 1000, 322, 1005, 932, 601, 247, 693, 101, 543, 211, 500, 552, 145, 834, 968, 81, 767, 956, 969, 558, 1130, 227, 569, 79, 213, 192, 1185, 412, 165, 289, 1160, 330, 75, 832, 986, 636, 407, 805, 69, 160, 738, 193, 194, 618, 32, 705, 63, 83, 353, 937, 940, 668, 54, 707, 707, 954, 68, 485, 677, 730, 4, 139, 44, 571, 553, 636, 55, 975, 483, 795, 800, 464, 290, 147],
[1026, 76, 853, 1159, 95, 345, 982, 19, 811, 83, 274, 765, 1004, 487, 92, 774, 896, 477, 1172, 317, 133, 876, 628, 740, 547, 692, 875, 340, 88, 591, 8, 632, 113, 492, 980, 677, 384, 1128, 129, 1025, 980, 698, 1066, 361, 1054, 329, 1179, 93, 545, 385, 832, 435, 648, 102, 140, 13, 1145, 350, 857, 439, 211, 203, 25, 1158, 717, 1067, 852, 1020, 1106, 122, 1090, 524, 469, 806, 823, 667, 1064, 608, 616, 1182],
[282, 56, 888, 917, 527, 1198, 183, 923, 1198, 1090, 359, 721, 256, 1021, 554, 122, 613, 245, 947, 993, 8, 675, 36, 1031, 240, 754, 367, 496, 854, 64, 677, 1178, 906, 131, 483, 440, 676, 899, 106, 448, 326, 478, 456, 135, 144, 855, 135, 321, 506, 991, 43, 81, 722, 646, 1137, 995, 889, 148, 1000, 278, 475, 1075, 663, 231, 379, 187, 635, 1076, 65, 240, 577, 169, 149, 735, 41, 355, 784, 457, 1010, 109],
[139, 220, 314, 921, 959, 156, 614, 23, 206, 514, 1052, 875, 13, 751, 318, 220, 876, 405, 352, 1149, 994, 899, 956, 642, 463, 906, 1041, 23, 227, 608, 304, 194, 527, 811, 559, 589, 104, 1150, 357, 1153, 233, 546, 218, 469, 259, 434, 224, 511, 606, 1002, 693, 220, 971, 288, 1091, 472, 906, 309, 619, 609, 185, 896, 420, 191, 551, 320, 832, 706, 556, 855, 852, 597, 192, 1065, 611, 896, 887, 192, 805, 653],
[758, 527, 629, 679, 510, 512, 294, 668, 553, 636, 939, 20, 230, 684, 391, 887, 723, 934, 534, 243, 1196, 812, 289, 1013, 918, 174, 223, 348, 136, 14, 580, 1166, 368, 965, 807, 364, 896, 534, 149, 119, 437, 470, 738, 695, 806, 887, 435, 696, 578, 729, 592, 1000, 1025, 337, 43, 810, 575, 917, 197, 531, 620, 1125, 1199, 183, 527, 988, 1174, 790, 119, 3, 378, 591, 497, 105, 1124, 963, 946, 401, 182, 646],
[685, 629, 1034, 998, 5, 639, 442, 853, 258, 76, 561, 31, 253, 607, 474, 664, 26, 105, 788, 1031, 726, 645, 331, 763, 912, 193, 224, 79, 506, 579, 491, 55, 29, 392, 706, 661, 1003, 8, 762, 601, 31, 432, 542, 594, 1117, 325, 1142, 797, 523, 151, 523, 236, 826, 154, 251, 298, 27, 842, 963, 669, 552, 1095, 625, 508, 769, 1170, 482, 1137, 942, 855, 784, 616, 756, 386, 920, 556, 972, 908, 1198, 861],
[883, 15, 948, 868, 144, 50, 432, 15, 483, 292, 5, 193, 346, 288, 1138, 515, 841, 396, 60, 2, 742, 152, 661, 854, 1189, 502, 542, 371, 798, 873, 927, 438, 316, 263, 1168, 610, 1151, 740, 341, 595, 998, 1053, 244, 1190, 51, 874, 781, 626, 337, 423, 27, 125, 1037, 360, 738, 1043, 940, 1192, 415, 854, 520, 260, 616, 736, 827, 57, 798, 655, 294, 57, 820, 270, 672, 83, 634, 312, 523, 897, 416, 1152],
[205, 922, 775, 13, 39, 974, 1075, 430, 1200, 896, 399, 946, 183, 968, 611, 523, 167, 164, 260, 68, 341, 635, 285, 1195, 777, 1128, 984, 800, 1138, 93, 972, 989, 538, 290, 142, 812, 330, 185, 209, 761, 82, 693, 599, 5, 512, 781, 409, 616, 348, 170, 424, 490, 928, 1105, 142, 1111, 375, 516, 403, 436, 1045, 1179, 742, 41, 979, 248, 66, 394, 69, 509, 163, 866, 143, 151, 466, 777, 573, 440, 923, 594],
[404, 451, 62, 548, 231, 839, 538, 1098, 896, 579, 74, 447, 982, 261, 1096, 26, 811, 683, 966, 920, 987, 527, 137, 1093, 339, 66, 334, 931, 121, 1076, 471, 524, 400, 279, 131, 673, 1182, 267, 1192, 805, 940, 52, 1108, 1016, 854, 133, 603, 714, 106, 1141, 666, 1013, 591, 257, 731, 174, 91, 147, 1141, 535, 240, 345, 185, 324, 739, 305, 820, 876, 188, 987, 752, 1187, 701, 856, 942, 402, 69, 60, 635, 99],
[113, 657, 840, 1200, 631, 146, 215, 959, 734, 302, 197, 538, 996, 128, 116, 574, 406, 966, 792, 455, 734, 1144, 1171, 871, 980, 1102, 341, 139, 263, 994, 415, 924, 212, 163, 759, 192, 272, 267, 153, 160, 39, 596, 36, 238, 891, 398, 599, 405, 199, 722, 573, 1086, 1190, 971, 802, 961, 648, 245, 954, 221, 759, 241, 1044, 954, 227, 656, 1092, 890, 526, 1103, 491, 145, 170, 1084, 770, 777, 295, 1119, 179, 1154],
[1189, 1103, 332, 528, 633, 753, 1014, 810, 887, 53, 433, 730, 26, 1045, 210, 752, 965, 130, 306, 148, 226, 282, 556, 97, 389, 328, 136, 494, 441, 231, 757, 1093, 901, 69, 112, 1169, 1190, 931, 319, 1060, 453, 299, 774, 1128, 760, 206, 295, 957, 299, 257, 128, 10, 437, 712, 197, 447, 476, 66, 511, 97, 733, 1034, 276, 245, 24, 903, 597, 216, 519, 563, 217, 144, 341, 235, 917, 1102, 723, 755, 654, 884],
[1072, 227, 638, 1020, 336, 774, 774, 530, 23, 244, 888, 537, 757, 528, 710, 891, 658, 961, 543, 1055, 118, 372, 930, 1003, 1174, 585, 780, 93, 1113, 203, 36, 1163, 317, 248, 441, 410, 1093, 822, 453, 462, 395, 150, 1101, 406, 843, 288, 722, 333, 752, 1062, 651, 1112, 891, 1054, 486, 397, 762, 255, 1064, 1143, 559, 809, 69, 809, 120, 793, 407, 637, 261, 971, 446, 1082, 642, 753, 792, 1019, 405, 589, 318, 324],
[457, 622, 1112, 1191, 330, 312, 570, 620, 789, 568, 699, 725, 638, 1089, 1063, 188, 134, 887, 799, 1173, 873, 586, 374, 606, 275, 62, 127, 257, 133, 9, 933, 732, 962, 868, 777, 442, 937, 523, 14, 955, 756, 1095, 1164, 569, 49, 110, 604, 1163, 586, 157, 793, 797, 465, 1153, 525, 435, 1176, 541, 344, 330, 789, 365, 1025, 26, 427, 926, 11, 973, 195, 893, 1092, 379, 310, 642, 132, 1022, 39, 966, 67, 865],
[989, 127, 960, 860, 392, 886, 86, 115, 921, 1190, 680, 1064, 870, 261, 1027, 2, 773, 620, 777, 532, 762, 20, 191, 764, 304, 894, 584, 679, 438, 860, 99, 220, 1074, 471, 797, 198, 1194, 40, 749, 1112, 199, 553, 505, 997, 723, 609, 199, 573, 115, 1091, 982, 888, 665, 255, 387, 299, 969, 478, 495, 710, 755, 245, 847, 23, 372, 297, 880, 155, 324, 651, 224, 254, 144, 495, 845, 89, 485, 385, 364, 393],
[685, 126, 647, 1003, 913, 398, 615, 552, 467, 235, 445, 1016, 444, 428, 1040, 765, 916, 330, 1030, 494, 26, 690, 131, 611, 584, 684, 975, 973, 1112, 721, 681, 311, 118, 664, 452, 599, 869, 1052, 150, 439, 87, 523, 188, 1070, 30, 166, 885, 467, 259, 921, 821, 659, 997, 12, 181, 1137, 800, 952, 573, 161, 820, 572, 976, 197, 699, 495, 230, 810, 270, 687, 165, 557, 554, 361, 958, 102, 694, 860, 983, 1082],
[1056, 1066, 799, 537, 572, 746, 51, 447, 562, 958, 350, 902, 296, 518, 954, 107, 392, 958, 361, 547, 402, 113, 545, 644, 185, 392, 226, 356, 363, 535, 191, 413, 853, 54, 711, 608, 732, 1163, 976, 108, 352, 212, 1106, 267, 501, 602, 534, 186, 272, 646, 707, 253, 16, 602, 676, 467, 79, 347, 1021, 948, 107, 252, 1008, 39, 201, 953, 824, 1092, 854, 541, 664, 687, 46, 395, 722, 68, 1035, 1163, 735, 42],
[75, 825, 1127, 465, 235, 357, 320, 176, 887, 1049, 1117, 268, 1180, 833, 989, 1194, 1122, 856, 483, 617, 12, 419, 54, 15, 1189, 742, 697, 720, 354, 203, 738, 484, 237, 383, 155, 402, 176, 120, 1201, 28, 196, 5, 256, 284, 926, 91, 723, 512, 652, 979, 919, 256, 372, 789, 519, 1031, 318, 472, 272, 299, 278, 773, 31, 873, 410, 246, 284, 373, 184, 587, 1153, 197, 302, 188, 817, 385, 101, 801, 159, 255],
[76, 1143, 588, 808, 529, 266, 764, 689, 993, 817, 888, 321, 1034, 189, 966, 1028, 854, 948, 237, 196, 800, 849, 91, 1072, 1193, 1081, 239, 323, 727, 718, 235, 859, 598, 330, 649, 641, 1002, 157, 939, 1095, 1187, 60, 1120, 62, 551, 250, 123, 204, 366, 1031, 768, 1095, 533, 1024, 836, 880, 410, 938, 301, 802, 1194, 5, 158, 397, 256, 528, 1115, 185, 137, 585, 394, 572, 640, 177, 936, 1169, 69, 482, 1167, 515],
[631, 1022, 113, 876, 13, 338, 138, 415, 1012, 1173, 257, 871, 877, 605, 690, 841, 1147, 982, 834, 667, 1108, 331, 407, 770, 207, 10, 1118, 15, 802, 642, 236, 48, 508, 322, 405, 806, 1159, 1194, 177, 838, 94, 924, 860, 183, 616, 1047, 842, 129, 1017, 910, 942, 162, 586, 569, 562, 651, 710, 731, 940, 1083, 540, 1061, 753, 930, 137, 967, 476, 1124, 311, 15, 804, 314, 869, 1136, 657, 266, 684, 1196, 748, 507],
[624, 1112, 1108, 918, 380, 686, 1193, 37, 1136, 502, 1010, 1165, 774, 824, 195, 214, 168, 57, 846, 965, 818, 397, 1159, 1009, 441, 177, 475, 191, 1091, 461, 816, 118, 624, 183, 371, 946, 707, 283, 428, 321, 509, 1003, 1141, 1063, 369, 986, 871, 290, 1078, 45, 606, 369, 848, 779, 565, 107, 133, 133, 1089, 1154, 1100, 191, 1198, 595, 135, 307, 38, 951, 334, 74, 323, 795, 229, 1126, 114, 862, 1185, 147, 1065, 121],
[675, 1026, 625, 524, 45, 779, 917, 1036, 1167, 224, 227, 723, 1076, 838, 731, 115, 602, 881, 437, 542, 403, 696, 831, 299, 52, 260, 631, 1157, 382, 432, 187, 501, 1192, 339, 370, 1186, 152, 1172, 1083, 523, 248, 640, 93, 591, 570, 1073, 953, 481, 174, 1090, 690, 612, 694, 83, 158, 241, 1097, 211, 916, 786, 740, 728, 992, 727, 24, 58, 478, 716, 911, 253, 1044, 304, 991, 841, 669, 750, 874, 455, 150, 930],
[477, 879, 166, 981, 937, 183, 429, 615, 588, 65, 190, 222, 372, 1015, 0, 496, 943, 596, 865, 406, 574, 131, 1067, 182, 507, 1139, 998, 617, 938, 962, 395, 420, 204, 529, 780, 1087, 1053, 637, 591, 959, 689, 1160, 350, 582, 259, 304, 797, 886, 859, 796, 1102, 1196, 1176, 298, 609, 872, 1030, 266, 786, 231, 425, 600, 1114, 830, 93, 924, 179, 485, 879, 109, 524, 642, 1074, 535, 927, 800, 25, 1031, 396, 592],
[446, 44, 413, 289, 63, 969, 726, 24, 317, 1194, 674, 496, 575, 948, 63, 80, 338, 156, 1038, 684, 42, 438, 423, 278, 231, 539, 677, 44, 342, 289, 798, 137, 865, 183, 388, 1022, 368, 158, 599, 260, 57, 1134, 972, 627, 1046, 939, 127, 953, 519, 313, 1130, 807, 510, 914, 1129, 532, 335, 1184, 270, 1138, 1094, 678, 271, 1195, 860, 848, 792, 1021, 818, 536, 1187, 853, 612, 1148, 329, 994, 718, 1158, 196, 750],
[1081, 242, 172, 6, 719, 227, 184, 124, 1086, 783, 1171, 916, 509, 1164, 19, 38, 809, 264, 1188, 160, 763, 961, 158, 351, 917, 772, 282, 923, 94, 257, 227, 334, 1113, 906, 888, 850, 318, 934, 699, 794, 753, 424, 173, 96, 1180, 1001, 908, 37, 53, 1046, 940, 235, 72, 1157, 883, 895, 228, 1116, 746, 824, 182, 733, 133, 103, 408, 1170, 262, 163, 45, 550, 644, 705, 507, 133, 201, 149, 571, 69, 172, 158],
[374, 129, 799, 645, 257, 646, 10, 1071, 654, 120, 194, 478, 879, 812, 976, 356, 957, 927, 414, 413, 1064, 682, 1059, 877, 412, 72, 602, 405, 301, 1062, 979, 125, 1124, 445, 89, 272, 806, 793, 469, 242, 1008, 825, 279, 1053, 330, 460, 72, 507, 625, 1133, 953, 844, 661, 1034, 581, 1125, 288, 721, 838, 742, 217, 1026, 57, 102, 819, 571, 7, 1063, 70, 678, 1131, 779, 721, 825, 877, 73, 898, 819, 893, 810],
[494, 853, 1177, 302, 977, 912, 1087, 951, 718, 113, 461, 704, 654, 506, 450, 624, 1077, 1195, 162, 262, 7, 648, 546, 742, 559, 420, 1072, 469, 541, 491, 211, 1155, 389, 229, 129, 644, 694, 544, 890, 363, 1175, 36, 192, 237, 1122, 989, 983, 582, 1130, 309, 707, 179, 1074, 1079, 469, 911, 735, 596, 661, 995, 185, 232, 529, 662, 413, 528, 328, 940, 820, 890, 838, 160, 669, 816, 951, 17, 1037, 103, 1013, 463],
[1200, 983, 832, 271, 151, 611, 949, 132, 470, 194, 655, 196, 885, 365, 400, 888, 1092, 319, 664, 151, 512, 958, 897, 992, 1015, 1146, 502, 414, 570, 765, 1038, 1127, 258, 136, 687, 472, 934, 1056, 431, 305, 902, 170, 178, 831, 1017, 1145, 870, 788, 958, 196, 636, 150, 1166, 883, 587, 238, 1068, 915, 915, 1045, 167, 973, 1048, 524, 1166, 1113, 869, 603, 823, 370, 550, 829, 262, 117, 397, 941, 1161, 373, 721, 709],
[272, 196, 335, 1131, 84, 881, 353, 680, 315, 883, 573, 664, 840, 10, 407, 90, 1087, 378, 678, 1047, 195, 472, 991, 681, 630, 836, 924, 162, 337, 107, 272, 144, 584, 1036, 93, 285, 394, 500, 121, 147, 843, 160, 130, 810, 1014, 997, 608, 59, 1044, 63, 1055, 700, 646, 1120, 438, 448, 317, 1002, 690, 831, 154, 556, 964, 29, 520, 25, 905, 806, 1176, 492, 487, 248, 951, 556, 111, 77, 420, 533, 155, 1188],
[770, 1161, 197, 704, 883, 289, 1021, 692, 615, 60, 873, 1184, 1011, 54, 98, 1117, 665, 129, 1068, 507, 807, 436, 1055, 670, 490, 859, 723, 1083, 884, 192, 673, 165, 204, 317, 697, 1112, 595, 541, 28, 635, 35, 132, 1192, 1097, 155, 435, 951, 1177, 709, 14, 1075, 421, 956, 71, 184, 88, 676, 222, 174, 561, 558, 966, 894, 847, 878, 595, 1082, 740, 429, 933, 657, 504, 428, 681, 508, 309, 205, 1124, 967, 1079],
[515, 809, 1094, 410, 366, 112, 1173, 26, 64, 231, 670, 672, 355, 448, 826, 807, 908, 176, 416, 170, 824, 999, 387, 453, 613, 330, 518, 945, 844, 649, 801, 744, 1109, 1178, 163, 1179, 461, 176, 896, 676, 533, 370, 280, 943, 1086, 1083, 822, 46, 789, 549, 771, 453, 573, 287, 839, 686, 744, 721, 509, 489, 951, 803, 112, 443, 85, 36, 840, 664, 335, 906, 1029, 364, 837, 529, 1065, 534, 979, 1040, 1143, 1114],
[459, 241, 1198, 554, 75, 871, 181, 761, 899, 527, 9, 609, 661, 119, 247, 1136, 1134, 74, 810, 777, 866, 211, 194, 365, 74, 178, 1017, 245, 82, 60, 677, 177, 682, 820, 516, 53, 609, 1139, 1117, 1129, 429, 288, 980, 359, 1082, 198, 799, 190, 239, 680, 237, 805, 895, 898, 552, 572, 1043, 1173, 999, 803, 187, 403, 1137, 502, 1018, 168, 287, 1044, 900, 869, 506, 244, 782, 501, 895, 1166, 473, 527, 169, 178],
[410, 886, 601, 1043, 850, 178, 981, 687, 257, 380, 804, 553, 328, 956, 335, 356, 925, 56, 495, 78, 1101, 495, 515, 327, 701, 1137, 91, 822, 446, 774, 284, 185, 893, 1018, 801, 1135, 613, 835, 852, 1137, 98, 646, 1046, 397, 1022, 816, 903, 1117, 619, 92, 653, 854, 137, 1085, 27, 699, 160, 1096, 475, 839, 900, 79, 414, 736, 1145, 997, 558, 301, 700, 1042, 935, 792, 63, 1006, 198, 473, 937, 14, 1186, 499],
[1007, 769, 185, 1066, 469, 180, 190, 199, 58, 992, 481, 1191, 273, 462, 742, 914, 1108, 716, 731, 1138, 700, 436, 100, 846, 745, 38, 429, 1191, 885, 846, 69, 554, 940, 849, 985, 171, 384, 586, 6, 1109, 465, 123, 634, 637, 1115, 237, 92, 387, 697, 2, 461, 1144, 992, 989, 1030, 669, 398, 692, 564, 955, 14, 169, 649, 1006, 138, 904, 1175, 692, 413, 902, 742, 986, 117, 180, 754, 773, 210, 1032, 530, 962],
[185, 630, 1042, 373, 1031, 518, 876, 924, 497, 973, 354, 1092, 706, 254, 1068, 22, 444, 853, 457, 1119, 625, 847, 123, 799, 910, 1010, 133, 1135, 943, 323, 650, 628, 383, 376, 313, 68, 846, 296, 1127, 704, 332, 429, 465, 87, 859, 154, 392, 425, 915, 172, 333, 30, 489, 274, 302, 219, 775, 772, 949, 415, 510, 671, 84, 1152, 160, 359, 535, 871, 861, 858, 1182, 595, 825, 1043, 482, 1081, 545, 772, 337, 400],
[406, 36, 1154, 191, 462, 177, 520, 31, 612, 12, 284, 1122, 220, 593, 473, 498, 209, 1057, 891, 782, 697, 617, 959, 756, 359, 469, 677, 1018, 366, 15, 1140, 12, 343, 1190, 929, 470, 1130, 120, 636, 1124, 780, 395, 70, 694, 641, 1040, 500, 220, 369, 239, 1001, 333, 545, 47, 142, 805, 653, 981, 1151, 610, 35, 27, 458, 114, 988, 324, 1173, 1053, 674, 88, 284, 553, 893, 571, 1076, 960, 713, 94, 948, 467],
[362, 64, 1033, 171, 327, 1003, 725, 145, 624, 317, 422, 1036, 844, 736, 1107, 841, 1050, 861, 968, 403, 1103, 877, 667, 710, 1193, 75, 761, 268, 901, 818, 188, 716, 948, 618, 846, 559, 807, 911, 41, 823, 960, 167, 1148, 63, 575, 418, 333, 561, 709, 313, 821, 439, 703, 1157, 163, 1181, 154, 1189, 53, 174, 707, 1138, 575, 537, 398, 193, 111, 864, 703, 1069, 1070, 1145, 270, 352, 942, 564, 1188, 135, 1201, 532],
[766, 633, 1169, 414, 1067, 588, 938, 762, 1182, 542, 852, 407, 795, 154, 453, 595, 379, 1121, 1067, 483, 821, 883, 1043, 1054, 952, 800, 1133, 1051, 720, 721, 758, 757, 976, 456, 165, 1185, 583, 550, 1177, 640, 980, 613, 343, 95, 528, 642, 754, 850, 533, 141, 817, 261, 945, 787, 683, 992, 714, 106, 1166, 908, 363, 755, 419, 1054, 1045, 960, 791, 920, 252, 731, 1102, 79, 1035, 501, 958, 1118, 600, 334, 806, 1199],
[869, 259, 625, 716, 91, 1178, 133, 73, 683, 1119, 507, 58, 418, 755, 1191, 989, 642, 410, 301, 202, 1068, 1199, 776, 1149, 1032, 863, 148, 1047, 671, 837, 382, 1080, 404, 242, 615, 75, 691, 601, 1106, 940, 825, 333, 9, 811, 787, 1036, 1125, 644, 60, 373, 790, 191, 927, 591, 326, 972, 1144, 753, 458, 796, 698, 359, 11, 1029, 467, 892, 442, 727, 215, 547, 173, 293, 148, 538, 1135, 655, 1094, 594, 1142, 859],
[434, 272, 141, 1056, 114, 675, 1062, 23, 25, 450, 1149, 993, 682, 757, 728, 305, 1165, 436, 726, 690, 720, 500, 1088, 0, 813, 1081, 342, 374, 1076, 534, 1146, 1022, 536, 363, 897, 926, 289, 136, 920, 590, 625, 903, 257, 103, 316, 1170, 988, 2, 882, 562, 792, 477, 75, 231, 773, 241, 801, 0, 1004, 1177, 1128, 594, 266, 726, 223, 588, 866, 666, 487, 579, 1101, 862, 55, 414, 842, 675, 559, 315, 373, 354],
[859, 34, 553, 262, 1004, 940, 390, 624, 285, 238, 1154, 1169, 49, 632, 11, 849, 749, 5, 77, 354, 470, 614, 731, 918, 263, 1016, 176, 1016, 617, 568, 955, 1078, 915, 901, 486, 1093, 172, 759, 321, 826, 459, 590, 637, 576, 447, 31, 927, 917, 1199, 911, 655, 89, 781, 233, 1068, 33, 4, 499, 11, 1112, 933, 253, 254, 1028, 1110, 1095, 742, 248, 653, 745, 53, 673, 92, 227, 85, 1115, 1133, 227, 169, 1100],
[699, 124, 376, 60, 228, 385, 1074, 441, 252, 943, 90, 491, 448, 593, 588, 632, 882, 548, 805, 1015, 561, 276, 513, 209, 555, 605, 663, 82, 841, 383, 266, 309, 727, 374, 1194, 372, 846, 771, 649, 1025, 62, 560, 476, 355, 1126, 1192, 483, 866, 384, 960, 296, 679, 1098, 859, 78, 109, 187, 819, 402, 280, 25, 656, 966, 448, 738, 980, 947, 394, 721, 1119, 468, 1103, 15, 890, 336, 32, 1127, 139, 1051, 771],
[1000, 809, 50, 803, 887, 517, 720, 408, 779, 9, 349, 429, 1010, 1026, 986, 456, 270, 1023, 154, 1192, 487, 142, 138, 500, 1146, 71, 254, 128, 579, 887, 700, 403, 1098, 335, 1095, 668, 1181, 77, 351, 971, 1145, 285, 981, 191, 343, 539, 913, 119, 776, 150, 90, 199, 663, 247, 1189, 333, 748, 554, 638, 911, 946, 9, 1160, 503, 524, 74, 978, 163, 378, 990, 1109, 1172, 456, 408, 955, 878, 307, 791, 191, 711],
[378, 800, 464, 32, 539, 34, 107, 897, 872, 376, 85, 765, 276, 22, 128, 443, 1175, 963, 337, 168, 969, 252, 945, 659, 385, 246, 548, 513, 446, 579, 203, 1036, 722, 1167, 854, 558, 1059, 358, 68, 475, 962, 328, 620, 95, 530, 418, 451, 648, 501, 635, 209, 162, 1199, 933, 1069, 34, 511, 494, 770, 777, 661, 907, 758, 211, 1051, 142, 681, 1005, 171, 677, 1023, 98, 1136, 1012, 766, 18, 911, 317, 1126, 598],
[539, 473, 121, 241, 612, 967, 1148, 726, 473, 703, 351, 439, 372, 400, 477, 759, 540, 163, 525, 740, 669, 837, 678, 1019, 1144, 557, 205, 1050, 342, 120, 1079, 724, 210, 55, 133, 943, 1045, 928, 433, 1086, 627, 44, 570, 1189, 99, 891, 126, 373, 568, 368, 950, 390, 376, 486, 357, 1155, 1001, 0, 203, 377, 1005, 655, 1120, 1142, 157, 1183, 211, 619, 705, 176, 1154, 190, 942, 690, 476, 1100, 802, 407, 483, 462],
[1112, 1070, 1089, 37, 185, 874, 529, 202, 908, 598, 857, 1116, 1089, 465, 174, 588, 695, 384, 676, 1117, 791, 728, 758, 1120, 340, 159, 1033, 822, 1190, 407, 536, 995, 849, 756, 100, 88, 977, 1129, 360, 1166, 876, 644, 187, 160, 927, 465, 90, 10, 1098, 397, 805, 1085, 1177, 179, 442, 805, 993, 954, 388, 656, 1116, 1015, 111, 5, 661, 596, 1062, 809, 230, 189, 907, 152, 1186, 48, 593, 563, 647, 475, 351, 915],
[379, 350, 344, 141, 859, 515, 1061, 1050, 140, 1138, 1057, 708, 435, 1023, 694, 1162, 682, 106, 961, 1021, 4, 510, 735, 800, 936, 1038, 1047, 536, 1176, 756, 748, 231, 438, 164, 68, 426, 186, 718, 219, 392, 938, 395, 661, 892, 1189, 483, 487, 740, 455, 449, 1081, 76, 105, 955, 187, 698, 344, 111, 887, 528, 73, 1001, 1022, 173, 809, 965, 649, 488, 616, 929, 180, 589, 218, 755, 757, 604, 1030, 415, 123, 995],
[656, 872, 1132, 376, 495, 957, 770, 987, 632, 399, 306, 149, 477, 347, 237, 1095, 335, 825, 161, 572, 578, 689, 957, 56, 37, 681, 127, 90, 364, 1134, 585, 832, 200, 423, 661, 88, 873, 567, 511, 386, 1054, 947, 478, 1196, 1169, 127, 10, 522, 23, 1109, 252, 280, 183, 81, 857, 524, 303, 470, 627, 1055, 132, 742, 1059, 432, 77, 377, 333, 464, 991, 293, 539, 1195, 1045, 653, 847, 1096, 198, 647, 1143, 56],
[827, 1020, 337, 724, 460, 653, 80, 1146, 306, 597, 273, 777, 897, 400, 654, 9, 1002, 146, 1085, 491, 395, 825, 804, 954, 538, 394, 613, 657, 674, 578, 1059, 535, 937, 543, 647, 1121, 384, 756, 436, 360, 70, 810, 85, 1135, 95, 671, 603, 575, 247, 646, 547, 96, 825, 1040, 68, 18, 578, 112, 556, 1174, 521, 80, 11, 71, 522, 984, 539, 977, 429, 25, 859, 864, 372, 229, 642, 367, 486, 981, 240, 1042],
[992, 670, 419, 818, 350, 707, 71, 706, 340, 578, 247, 164, 431, 758, 1060, 342, 580, 722, 702, 291, 1123, 662, 41, 1098, 16, 592, 517, 885, 654, 80, 1133, 670, 254, 1121, 332, 937, 215, 1182, 287, 908, 64, 280, 419, 46, 444, 654, 76, 677, 303, 1046, 368, 878, 898, 1097, 866, 1031, 648, 492, 89, 616, 283, 615, 360, 262, 258, 631, 49, 8, 1092, 635, 402, 283, 658, 902, 612, 298, 895, 254, 644, 777],
[824, 89, 475, 1158, 634, 1126, 696, 299, 954, 1097, 999, 257, 965, 403, 217, 2, 274, 889, 356, 607, 320, 1160, 737, 1034, 751, 937, 739, 416, 1049, 491, 1163, 134, 468, 537, 563, 1110, 297, 130, 886, 511, 986, 560, 964, 832, 190, 139, 676, 913, 27, 1104, 78, 137, 433, 904, 450, 724, 454, 227, 1072, 271, 727, 348, 243, 850, 924, 661, 373, 34, 480, 176, 474, 426, 1128, 1200, 230, 583, 259, 663, 1119, 300],
[829, 1125, 1047, 452, 842, 349, 1009, 1169, 967, 255, 922, 474, 329, 100, 103, 543, 239, 134, 668, 510, 28, 637, 952, 917, 494, 680, 468, 392, 23, 497, 81, 617, 60, 514, 418, 107, 152, 145, 164, 831, 271, 756, 853, 840, 13, 677, 759, 946, 500, 918, 259, 328, 579, 291, 2, 1000, 816, 122, 1120, 493, 367, 1038, 278, 192, 1036, 149, 585, 1061, 289, 1089, 1164, 643, 302, 101, 143, 539, 569, 863, 789, 125],
[462, 254, 1088, 234, 582, 925, 109, 294, 944, 664, 793, 1101, 23, 594, 174, 297, 525, 1090, 1126, 677, 509, 255, 584, 1077, 844, 156, 2, 1022, 1133, 1005, 521, 214, 389, 963, 87, 913, 1082, 405, 360, 259, 728, 808, 990, 271, 899, 649, 1091, 858, 818, 110, 378, 714, 810, 390, 502, 1062, 1165, 379, 8, 1096, 1032, 379, 1038, 171, 1165, 890, 923, 359, 1079, 1009, 52, 655, 128, 1114, 708, 230, 1009, 391, 1067, 540],
[55, 956, 842, 217, 912, 830, 908, 1177, 1117, 766, 191, 550, 227, 1141, 583, 838, 843, 573, 218, 1059, 761, 601, 321, 758, 886, 1154, 557, 882, 760, 1174, 456, 360, 127, 890, 764, 544, 116, 258, 617, 168, 433, 139, 520, 1142, 1060, 1034, 398, 693, 498, 816, 89, 167, 884, 1019, 760, 530, 559, 548, 898, 1100, 515, 722, 664, 100, 673, 395, 674, 326, 907, 478, 903, 15, 507, 131, 886, 279, 509, 722, 245, 905],
[544, 67, 668, 1199, 57, 657, 540, 782, 285, 945, 803, 669, 469, 444, 816, 890, 366, 936, 439, 1121, 1102, 132, 454, 841, 655, 480, 305, 24, 993, 95, 1097, 15, 599, 770, 897, 450, 777, 529, 465, 783, 881, 333, 235, 1118, 966, 709, 430, 1107, 1053, 311, 390, 287, 812, 663, 698, 822, 740, 211, 141, 1083, 1069, 774, 835, 694, 642, 248, 1083, 129, 289, 47, 136, 655, 502, 895, 645, 123, 162, 79, 717, 317],
[999, 1120, 760, 503, 411, 1122, 536, 233, 1101, 431, 251, 931, 787, 619, 864, 427, 728, 635, 228, 763, 978, 1145, 1165, 748, 567, 253, 974, 962, 96, 118, 162, 97, 48, 978, 791, 1076, 531, 957, 1037, 142, 1061, 45, 160, 296, 1005, 868, 610, 174, 5, 671, 329, 525, 222, 435, 912, 184, 215, 1171, 116, 1017, 1034, 575, 551, 203, 278, 236, 959, 1040, 591, 202, 665, 518, 838, 770, 832, 267, 1062, 703, 239, 557],
[582, 1118, 456, 679, 960, 1186, 628, 839, 409, 427, 1111, 679, 547, 214, 97, 703, 671, 1018, 1146, 105, 989, 1074, 610, 169, 613, 67, 780, 969, 197, 1019, 468, 88, 899, 495, 1040, 745, 649, 350, 990, 151, 303, 278, 857, 38, 974, 72, 220, 642, 660, 881, 84, 991, 499, 40, 305, 722, 839, 380, 240, 438, 681, 323, 468, 958, 786, 795, 1058, 1160, 51, 700, 220, 537, 185, 152, 991, 847, 473, 569, 505, 380],
[364, 492, 870, 426, 1030, 757, 881, 273, 692, 667, 673, 1042, 816, 1131, 0, 765, 80, 552, 90, 205, 1098, 124, 456, 603, 507, 810, 321, 672, 388, 14, 275, 344, 276, 159, 1026, 970, 345, 936, 765, 713, 226, 734, 76, 284, 65, 1027, 1062, 414, 698, 40, 243, 763, 1062, 722, 436, 1051, 492, 869, 21, 366, 476, 437, 1145, 74, 708, 36, 213, 87, 67, 89, 893, 824, 18, 317, 931, 28, 449, 654, 330, 718],
[163, 737, 753, 54, 815, 1192, 785, 138, 819, 325, 906, 1073, 1018, 492, 1043, 227, 277, 254, 21, 1055, 1150, 303, 573, 541, 282, 664, 917, 821, 751, 589, 1067, 486, 1143, 1006, 736, 988, 287, 17, 176, 627, 95, 67, 562, 784, 1196, 14, 610, 919, 478, 26, 254, 433, 267, 544, 1135, 173, 980, 562, 876, 293, 866, 1136, 1158, 268, 660, 685, 1053, 638, 750, 1189, 508, 671, 1020, 896, 492, 156, 1157, 63, 357, 115],
[1188, 911, 484, 219, 296, 449, 885, 1071, 1011, 44, 454, 718, 48, 1043, 1123, 1143, 266, 1005, 1121, 627, 915, 983, 274, 715, 133, 2, 1054, 61, 835, 363, 967, 559, 88, 664, 36, 722, 830, 468, 625, 111, 710, 908, 408, 1140, 933, 681, 1180, 478, 738, 146, 915, 123, 276, 1008, 38, 1022, 710, 853, 547, 824, 512, 1196, 159, 595, 13, 161, 418, 1182, 549, 511, 589, 298, 607, 840, 16, 947, 206, 257, 306, 465],
[455, 497, 201, 904, 112, 130, 97, 1069, 49, 1064, 229, 518, 988, 40, 769, 977, 251, 1012, 448, 247, 583, 718, 518, 570, 570, 1109, 526, 317, 27, 167, 697, 478, 1159, 240, 821, 984, 1143, 328, 421, 34, 1122, 642, 787, 336, 823, 201, 916, 334, 560, 266, 590, 795, 170, 112, 1069, 286, 602, 17, 876, 942, 545, 1018, 513, 890, 391, 755, 1135, 93, 769, 3, 345, 613, 37, 878, 751, 809, 628, 1142, 142, 370],
[120, 533, 44, 923, 188, 1185, 468, 141, 276, 539, 1089, 765, 606, 574, 806, 656, 1163, 753, 387, 1074, 923, 829, 749, 784, 796, 526, 912, 214, 902, 604, 100, 199, 1162, 83, 244, 682, 777, 296, 833, 1146, 595, 588, 141, 1056, 232, 1173, 981, 795, 883, 1187, 1111, 292, 64, 513, 1039, 528, 725, 902, 650, 648, 697, 803, 473, 1144, 237, 674, 218, 390, 1160, 414, 1093, 352, 950, 630, 131, 90, 241, 719, 388, 288],
[103, 863, 188, 1157, 730, 1013, 748, 625, 1118, 786, 1007, 652, 242, 205, 841, 776, 695, 89, 634, 14, 120, 474, 576, 537, 24, 559, 752, 108, 126, 991, 688, 658, 1045, 697, 424, 893, 897, 975, 46, 399, 330, 189, 620, 1104, 1070, 466, 695, 1148, 78, 218, 280, 1002, 996, 159, 504, 1155, 576, 570, 207, 729, 649, 654, 0, 880, 861, 403, 207, 1082, 1145, 41, 810, 177, 20, 65, 885, 941, 330, 763, 792, 1082],
[967, 93, 537, 319, 1163, 520, 624, 508, 906, 1127, 738, 1107, 975, 296, 814, 845, 721, 306, 521, 37, 8, 508, 590, 263, 406, 410, 548, 1009, 717, 363, 846, 855, 213, 942, 170, 1180, 1074, 221, 443, 105, 267, 41, 724, 880, 1018, 671, 115, 563, 504, 740, 623, 731, 727, 271, 42, 340, 315, 143, 882, 878, 324, 284, 1044, 99, 684, 11, 365, 231, 65, 122, 429, 669, 818, 195, 765, 113, 1051, 1027, 154, 1113],
[471, 449, 907, 731, 642, 1123, 496, 528, 866, 1029, 276, 727, 1072, 698, 1083, 1090, 684, 676, 579, 130, 531, 60, 744, 1, 948, 220, 492, 11, 868, 1080, 463, 936, 1101, 747, 681, 955, 669, 1047, 908, 540, 650, 1034, 544, 835, 526, 530, 750, 337, 257, 1073, 712, 23, 639, 478, 615, 451, 922, 169, 1141, 980, 206, 814, 736, 614, 615, 845, 962, 124, 515, 1189, 43, 678, 714, 651, 440, 233, 1117, 1061, 1057, 299],
[76, 763, 910, 431, 871, 626, 796, 472, 666, 277, 1194, 301, 510, 549, 472, 697, 48, 786, 370, 128, 728, 202, 540, 766, 508, 1153, 53, 859, 413, 656, 1095, 752, 189, 1167, 1165, 415, 640, 309, 875, 81, 690, 179, 378, 254, 327, 1000, 73, 1020, 163, 1045, 687, 105, 860, 347, 930, 1109, 1145, 570, 765, 768, 116, 9, 293, 938, 796, 585, 307, 566, 26, 939, 1012, 350, 1170, 1067, 67, 1019, 652, 643, 1109, 359],
[496, 92, 475, 443, 778, 543, 801, 48, 655, 1040, 82, 1200, 66, 183, 402, 684, 382, 929, 466, 675, 318, 540, 915, 590, 659, 938, 1196, 685, 219, 198, 269, 533, 618, 1124, 285, 63, 829, 1055, 1142, 145, 734, 880, 737, 591, 436, 459, 92, 70, 327, 443, 444, 881, 122, 187, 675, 976, 265, 568, 384, 684, 344, 165, 259, 909, 492, 1014, 94, 308, 1174, 966, 241, 1107, 502, 321, 342, 768, 404, 322, 191, 387],
[704, 452, 96, 670, 614, 648, 475, 744, 1044, 503, 451, 657, 862, 791, 992, 809, 522, 199, 986, 801, 779, 1025, 297, 873, 89, 132, 751, 474, 634, 555, 341, 1159, 383, 865, 388, 254, 921, 979, 406, 3, 330, 133, 465, 733, 64, 60, 3, 669, 193, 932, 379, 495, 789, 376, 938, 124, 77, 951, 793, 688, 761, 1046, 853, 589, 133, 865, 47, 234, 622, 416, 216, 909, 40, 340, 759, 670, 517, 806, 157, 804],
[344, 1020, 100, 943, 909, 333, 125, 278, 609, 637, 714, 731, 1029, 1153, 9, 545, 1007, 1055, 550, 770, 1084, 495, 88, 76, 135, 176, 407, 31, 651, 1076, 91, 222, 813, 1004, 1160, 249, 168, 302, 766, 573, 1086, 735, 643, 883, 524, 1031, 243, 258, 427, 280, 313, 1170, 10, 451, 1126, 539, 1037, 544, 936, 817, 579, 474, 1109, 241, 361, 767, 898, 397, 624, 627, 773, 431, 330, 631, 367, 599, 1034, 227, 406, 813],
[446, 500, 216, 105, 169, 923, 1004, 441, 100, 517, 345, 1154, 16, 1106, 895, 1005, 350, 1032, 248, 1007, 821, 187, 564, 556, 320, 957, 624, 788, 613, 123, 766, 233, 101, 1105, 893, 273, 1048, 114, 713, 382, 404, 521, 203, 535, 36, 1174, 1112, 1085, 625, 28, 382, 578, 813, 542, 766, 946, 1082, 375, 780, 917, 531, 681, 1044, 176, 205, 523, 453, 408, 1027, 782, 472, 433, 286, 861, 409, 776, 52, 852, 568, 803],
[608, 210, 868, 445, 357, 1152, 1003, 517, 713, 42, 359, 631, 230, 728, 909, 781, 439, 776, 869, 940, 514, 1138, 166, 468, 100, 106, 321, 129, 836, 677, 249, 351, 18, 1005, 385, 128, 669, 582, 1004, 277, 169, 1111, 807, 469, 221, 126, 882, 1122, 643, 622, 650, 978, 95, 754, 549, 1052, 591, 834, 325, 717, 1180, 254, 44, 835, 467, 1066, 149, 1074, 586, 613, 624, 304, 564, 227, 637, 82, 966, 127, 277, 832],
[1062, 690, 1170, 1011, 198, 868, 202, 376, 706, 1119, 290, 585, 450, 838, 676, 16, 403, 27, 116, 1072, 332, 501, 395, 670, 902, 622, 162, 875, 288, 1120, 622, 1014, 1156, 597, 174, 698, 726, 243, 884, 371, 852, 297, 821, 515, 626, 946, 1029, 393, 488, 830, 1156, 1073, 94, 448, 828, 409, 1114, 621, 579, 909, 805, 475, 816, 700, 1052, 756, 622, 611, 801, 510, 802, 649, 378, 1046, 106, 627, 601, 1021, 505, 542],
[546, 342, 77, 542, 120, 706, 33, 59, 1099, 235, 1049, 1101, 664, 762, 1036, 245, 430, 158, 391, 1037, 961, 73, 92, 749, 437, 576, 7, 920, 352, 652, 451, 211, 132, 1051, 433, 1163, 465, 659, 509, 595, 553, 308, 12, 1042, 31, 134, 1001, 261, 585, 832, 628, 478, 1183, 26, 685, 1076, 728, 1032, 120, 287, 430, 378, 999, 994, 1089, 1063, 396, 323, 1086, 307, 1197, 582, 936, 1075, 1198, 516, 1037, 350, 886, 250],
[1079, 550, 1057, 1129, 605, 821, 132, 918, 1033, 127, 95, 998, 81, 111, 149, 1114, 656, 10, 302, 689, 908, 702, 153, 978, 509, 993, 713, 1115, 685, 1141, 612, 915, 617, 462, 514, 736, 1018, 266, 86, 878, 766, 1181, 280, 202, 733, 56, 429, 388, 1030, 606, 342, 704, 526, 785, 20, 270, 17, 1009, 77, 463, 1044, 342, 671, 36, 916, 1049, 318, 456, 363, 354, 398, 705, 659, 643, 1075, 590, 573, 619, 1187, 1008],
[764, 600, 258, 211, 136, 912, 295, 202, 727, 186, 227, 578, 503, 179, 151, 234, 1152, 914, 885, 1025, 164, 436, 286, 1143, 652, 933, 839, 1112, 971, 301, 457, 619, 871, 925, 305, 439, 1068, 940, 663, 379, 1039, 1192, 1085, 559, 154, 409, 41, 83, 706, 925, 4, 555, 1048, 788, 252, 1159, 1107, 692, 820, 472, 442, 1119, 731, 332, 78, 258, 94, 795, 716, 901, 706, 173, 1095, 125, 163, 1103, 1037, 394, 1140, 841],
[1052, 290, 8, 854, 464, 173, 662, 768, 801, 1030, 427, 574, 727, 35, 788, 238, 774, 501, 757, 819, 446, 206, 688, 624, 752, 694, 417, 1071, 1181, 999, 436, 226, 543, 958, 984, 331, 641, 888, 125, 1118, 344, 270, 830, 28, 401, 429, 280, 47, 1030, 666, 1014, 950, 446, 1083, 328, 1186, 268, 492, 916, 388, 894, 1126, 600, 72, 310, 302, 1112, 66, 813, 1028, 501, 902, 1165, 799, 239, 64, 287, 535, 475, 639]]