-12
15
-19
17
6
22
-30
-10
28
-30
-13
-8
-32
52
44
14
17
16
-17
-77
23
2
-14
-101
-15
9
62
-26
-16
-2
18
22
4
-9
13
30
6
16
-25
-44
-46
7
-7
-7
21
20
-21
46
18
-1
-47
18
-21
15
27
-35
21
-31
-45
0
33
-23
-35
-48
4
84
-47
34
49
-6
0
50
-76
25
-8
30
10
-60
-12
-18
-12
31
-31
-12
-19
12
-17
26
50
-33
38
23
30
-9
9
-27
41
9
-41
2
7
-23
-27
15
7
18
-14
41
-31
-19
-4
-10
-19
-59
-7
0
-3
-41
59
-21
-6
-111
51
21
-41
-4
98
9
-55
-6
8
87
-29
48
-17
-13
-31
10
17
9
48
-34
-62
-13
20
52
-41
30
37
-25
25
-17
32
6
-41
15
-3
-6
2
41
16
18
-25
42
25
50
15
33
1
9
-41
-12
87
48
-32
-53
-52
55
100
-6
2
16
-27
-31
18
3
-5
-25
-60
90
31
18
-13
-4
-37
8
4
8
14
79
-29
8
-16
-5
3
50
-9
30
-1
38
-35
30
4
64
-11
-49
21
-53
31
38
11
-16
24
9
-7
13
-34
2
0
-45
69
1
18
3
20
-68
30
-13
21
3
-49
44
-21
42
-7
24
11
66
-43
-22
16
26
-36
57
65
64
-22
56
62
-16
101
16
-60
-33
-14
-20
-51
-10
-20
4
-44
57
-39
-4
-4
-22
-10
26
-3
-28
59
-2
-9
-11
-34
-41
-23
19
17
-25
-42
-23
-58
10
47
14
8
33
43
28
39
25
34
2
-20
17
54
27
54
30
15
-26
-30
-22
30
-34
7
25
-36
63
-23
7
-8
53
-18
39
-3
-33
-21
-36
4
-13
25
-68
73
0
-16
-23
-26
50
44
-32
-1
10
-21
45
4
25
0
-19
42
-40
8
-27
12
25
-48
-36
-51
0
37
-56
-14
-9
-54
-19
-38
28
28
-22
24
-91
41
41
12
-25
14
-5
14
18
-25
-22
-4
-32
45
-18
47
-18
35
-20
30
-36
-18
32
8
64
16
-10
13
19
-17
87
-38
-48
-8
11
19
-16
-41
-11
-97
-12
14
21
-46
-69
-31
-29
51
-24
3
75
-6
34
-39
5
22
80
22
-14
57
50
54
17
-44
7
-54
-29
33
-1
-17
-41
-14
14
42
-9
14
42
15
-21
23
-13
39
-8
8
12
-35
20
83
-43
88
12
48
-18
30
-15
89
28
1
-57
-4
-25
-4
-15
-17
-25
6
-13
-27
8
-24
38
16
27
8
3
35
58
40
48
-10
30
20
-34
13
-34
-41
-23
-49
27
-41
58
-3
42
6
25
-3
21
-71
-63
-65
-6
25
21
-40
15
28
-8
57
-37
3
-55
11
66
-14
-2
8
-9
20
10
2
28
42
-70
60
-44
52
43
-8
54
-19
25
50
-11
-16
-4
-19
28
-7
-22
-48
-6
-46
-6
-29
-43
32
-18
-26
11
-22
34
-47
-52
-21
-28
-16
30
25
52
31
82
42
9
-37
54
9
21
-9
-57
20
25
0
38
11
-63
-8
50
44
-33
-43
27
42
-32
-28
-26
-8
-37
-17
22
-45
-11
39
-30
53
-31
1
29
43
7
15
41
7
-32
32
7
30
76
-35
26
25
-37
6
9
47
7
67
20
75
36
-26
17
42
23
-18
-22
2
-2
-44
17
6
45
54
-4
-33
1
67
30
25
-9
36
56
1
-23
38
-35
6
-99
-24
46
11
54
36
-62
22
21
-37
-33
31
45
46
15
-13
-15
-22
-16
-3
20
24
35
38
-5
50
24
29
-2
10
-61
-15
-27
9
-11
-49
-49
26
9
-26
-56
-94
-36
50
13
38
-22
12
28
32
9
33
23
2
21
24
-46
20
43
9
-8
53
30
7
17
53
-31
47
25
17
26
-5
10
31
40
24
-45
10
-3
54
21
30
-37
-3
-31
-21
27
56
-29
-18
0
-8
37
-34
-50
2
13
8
-1
-58
-38
3
-8
30
-34
29
20
-31
-55
11
53
-34
-7
-6
-39
34
30
-95
-40
6
49
-7
-71
-20
18
0
-11
-4
13
2
37
-17
31
25
36
67
-18
60
-13
25
-82
2
-16
4
-13
15
69
-41
53
-39
3
22
-2
99
21
23
12
16
26
25
32
22
3
-53
-22
7
57
-53
-60
-38
30
22
8
1
-17
1
24
-35
-56
17
21
10
-36
45
-7
35
-11
6
45
44
-29
45
-20
-76
34
9
38
-9
-21
-11
67
-33
2
-50
24
-15
-50
-28
-1
-51
15
-11
18
-36
-11
-9
-11
36
-4
40
30
21
-37
-23
37
20
0
-6
-9
-10
77
17
-3
-7
30
21
-24
20
-13
32
35
19
49
-15
29
-25
31
-40
-10
37
-5
26
95
-23
7
22
7
53
-47
61
23
-22
5
68
66
17
27
-27
-23
54
-11
23
60
-13
-35
40
-16
31
59
6
22
-30
45
35
-23
-28
38
10
24
42
-32
11
16
8
37
74
4
31
7
-12
-29
-13
18
-65
2
5
-53
63
-2
-7
12
7
39
4
4
-31
11
41
-10
58
8
67
53
70
-31
8
-12
23
6
48
50
41
-29
-22
8
-13
-11
-28
25
-20
-18
-13
-31
21
12
-6
40
14
-1
-34
-10
-23
-41
8
-4
-27
-47
7
23
18
-13
30
35
-19
9
-25
-42
-30
-32
-21
7
105
-17
44
-2
-72
15
18
57
-35
91
7
43
40
-61
53
6
47
15
39
-34
-26
36
-17
-17
-21
10
55
37
-9
22
0
-20
-28
-2
41
-22
4
47
3
-19
66
-50
12
27
59
-18
73
7
-26
40
9
-36
-57
-3
20
22
-16
-6
0
-16
-16
-30
8
30
-13
-1
-26
16
-40
17
12
-34
-16
-38
13
-1
-40
41
-47
-1
42
-21
87
15
38
17
-1
-24
36
-20
23
-42
-37
31
-72
-26
19
-14
-74
75
-63
-33
-44
-5
18
-7
20
1
48
8
0
-9
-59
8
6
66
7
-49
43
-50
3
-32
-27
-22
45
21
72
-26
-12
-13
0
-22
-8
63
-59
-21
18
18
10
14
1
-15
8
-7
-28
-23
8
-15
4
76
-38
32
-21
68
16
-31
59
8
13
-14
8
-46
6
-3
-17
20
-47
19
-42
2
31
7
-1
-8
31
-30
3
15
35
4
60
21
-1
29
-41
-17
-13
-7
35
-11
8
56
-3
8
37
-35
-52
-52
64
-37
26
35
5
0
1
-28
-9
73
5
-11
-48
54
-39
-22
66
-5
34
14
2
10
-17
0
47
-14
-31
62
0
-41
65
46
-20
23
-22
54
-3
47
-30
19
45
-9
53
31
-5
1
48
12
22
1
-63
24
2
62
-3
1
25
-31
43
-44
-19
22
12
-17
-11
1
110
33
-27
-13
4
-47
-23
73
-45
-27
-54
50
20
15
-3
26
15
36
-4
-20
84
-32
-1
-23
9
-49
42
43
-18
81
13
-33
-16
-9
-24
61
-11
26
-9
-22
8
-56
-16
-15
-15
-29
32
-4
32
31
-70
27
15
74
-25
-9
2
-11
14
-84
3
-16
11
10
19
-3
38
52
-31
10
99
3
22
-24
-34
42
45
14
46
-39
-8
-63
1
-46
-3
8
42
-8
-16
7
58
-37
-25
-38
18
-47
-25
43
-85
0
1
28
25
14
17
8
16
87
-14
-54
10
-27
-6
-6
-34
14
-32
3
-6
-6
28
-26
14
42
4
-10
-2
-3
14
19
-31
-22
-72
43
48
-36
19
-23
-49
22
9
-7
30
-33
53
-20
-27
-73
39
-7
9
-14
-24
42
-4
51
-16
11
-2
-14
-71
32
-15
-1
0
19
57
65
38
-56
33
-13
4
-25
30
-36
-40
17
17
-6
85
-41
-22
30
45
-35
29
47
11
-24
-9
9
101
34
47
-22
36
-4
36
-12
44
31
21
35
6
31
2
33
5
-68
38
-34
-26
-46
62
-56
35
-10
8
62
-36
-4
19
-12
23
36
83
-27
74
-45
13
0
2
30
43
-21
10
52
34
-30
47
38
4
-6
94
5
-33
60
-34
22
-17
-23
-5
-7
-18
-9
-55
43
0
0
40
51
21
4
19
-22
-46
16
19
1
-11
63
-54
44
5
19
0
25
-16
37
44
-36
-28
22
-8
41
44
-62
16
-8
25
14
-18
42
14
-23
47
1
1
-29
-14
3
-15
43
14
-3
63
38
4
0
9
68
0
-24
31
25
-18
11
52
-32
-25
-55
98
10
65
25
3
35
-7
-14
43
-5
91
4
-27
30
22
-21
-1
8
43
-28
43
32
3
-5
-13
-15
-70
44
12
-20
53
11
10
69
-6
5
7
68
-12
-20
-32
14
-11
-33
35
47
9
10
-57
2
11
42
76
-26
24
13
-23
-32
70
-4
-39
-14
-9
42
68
43
-15
-52
46
11
15
17
-52
15
10
40
29
23
-18
-33
-4
-13
-56
-27
27
0
12
-45
-51
-20
-41
8
3
-29
47
31
-36
13
33
12
41
-31
25
19
-46
-35
50
-3
46
-16
-14
-46
-43
-5
45
27
50
-1
-3
47
12
31
6
25
44
111
-48
-17
13
36
5
1
4
-25
7
-32
46
-28
5
-36
41
43
46
-25
21
35
154
-4
32
-4
-18
35
-18
86
-14
-33
-53
-19
40
-7
4
-26
21
31
76
-46
-11
41
-12
-11
2
68
2
35
-62
-48
-5
13
65
39
8
31
-40
7
28
24
3
-55
26
3
6
6
46
-28
25
-39
-18
-11
39
-52
-123
73
-18
20
9
63
27
-8
41
1
77
-7
33
39
-30
51
-29
52
77
-36
-17
29
27
57
0
16
28
23
8
34
8
-9
-37
-49
-3
24
22
16
15
49
12
-42
-37
19
42
30
3
12
37
-28
-15
14
-56
25
40
24
87
36
0
19
-26
-28
-6
35
35
56
15
-49
63
39
82
-10
4
63
1
3
12
36
-3
13
15
-33
-45
-56
-16
20
5
2
16
10
-52
37
23
35
3
-19
57
25
-18
-26
-48
-10
-63
1
3
-53
-33
60
-54
-67
-4
-3
5
-20
30
-25
-26
-1
26
-26
-37
34
28
-20
32
8
-37
-8
12
-15
18
26
-14
-26
-31
27
-70
-27
13
-73
-63
-2
-14
85
11
49
45
16
31
-63
-43
-21
7
56
-22
18
19
-7
34
-16
42
-15
39
-52
19
-68
-40
48
30
-9
-22
-22
-35
54
-21
31
47
-4
76
19
-5
30
89
-40
-65
10
