-82
-33
5
116
110
52
123
-24
-81
117
-36
-23
-83
95
29
-6
38
-118
-18
42
-5
70
-105
-20
-74
64
-32
-149
6
-10
-23
96
-32
142
77
0
77
-125
39
-35
-23
51
28
-68
-118
-79
-6
12
11
-93
-102
-45
-59
2
-31
-11
1
86
9
-111
32
-54
84
103
-22
-107
104
-117
-65
48
-42
54
-57
73
-30
-97
42
-27
120
29
131
89
-9
-54
53
91
37
96
-27
-24
-105
59
8
-17
-9
-65
-26
149
101
29
144
12
64
148
109
-42
14
7
-28
-28
25
-97
-52
-49
-87
-74
-113
-6
-42
-21
64
11
-25
-21
18
37
-24
-129
79
-21
-67
5
13
-52
-88
17
-6
-32
-5
102
-66
19
19
-36
-15
-40
-82
212
2
79
-86
15
-106
-44
-37
-63
-272
-21
-117
39
-88
13
-63
-45
-75
-22
113
-8
182
-93
-7
62
188
133
-29
150
-50
-108
-77
-51
85
-4
5
11
-2
8
-107
-88
-30
-80
-87
87
5
-66
-84
73
21
212
-103
-93
-43
80
48
-20
-39
-26
110
33
-19
56
28
-27
-72
-77
62
-95
114
-177
16
56
-49
-30
-251
78
-77
228
-13
41
-128
-19
25
3
-80
-26
3
118
33
33
7
-37
-64
-108
2
213
-148
40
-22
96
-85
-92
78
40
-1
-64
-181
39
-78
94
-108
-79
-100
-47
-61
118
76
68
-139
-96
127
7
-216
74
-6
19
67
14
0
-126
-69
-105
94
76
27
-50
-31
-30
26
23
48
61
-33
-20
-70
28
-58
111
43
21
5
39
34
76
-4
-53
-70
146
-64
8
112
17
80
22
44
-6
15
-9
-48
71
-156
-65
52
-58
-41
2
38
3
-37
-18
-39
-74
-60
-8
-42
128
-113
-64
-15
-33
-100
87
104
39
-81
60
143
-31
168
26
-96
197
-173
-70
-44
72
112
-85
48
40
11
-186
0
20
6
33
23
-67
94
-68
-36
-60
-48
-61
-94
-85
-52
-34
-16
12
15
65
-66
-62
89
28
70
-44
79
20
-149
-40
-97
99
44
1
-62
-79
80
27
-167
97
-75
71
37
-86
91
-49
-11
98
50
-85
-12
-167
102
-42
-48
46
-70
32
128
-33
-26
42
82
86
-90
11
-46
-38
36
-139
54
137
-21
55
41
-86
-67
-41
-28
-34
24
-36
-21
-107
26
83
-48
-73
-140
-34
4
-99
-28
24
37
101
6
49
6
134
195
-63
-120
32
-45
63
118
-30
-63
183
-47
-44
-71
-18
97
119
61
-3
18
-52
-129
-1
-20
75
-46
42
49
105
-100
-256
-42
25
210
86
32
53
-81
-63
-57
124
68
-91
22
5
-62
-63
-47
177
23
14
-130
15
-60
18
-126
-136
-78
-2
119
-75
23
7
15
-8
201
39
46
53
-42
55
24
-37
-33
129
-11
-31
-54
-34
-65
23
42
-66
-14
-73
-108
80
-12
-171
17
89
64
134
34
-4
75
-178
-36
51
-106
59
27
-5
32
31
52
69
69
62
-29
115
110
-67
-131
-64
22
-41
87
-77
91
99
-139
-112
166
-67
-11
142
132
12
4
-127
-38
66
-100
36
118
8
-46
-84
-61
-31
123
-2
-61
-61
-110
-5
6
-60
-76
96
-61
156
-87
-7
31
-24
-84
39
-16
115
-1
39
228
46
-12
-99
-6
-219
-75
-144
72
-11
12
-75
-13
-24
11
-78
-55
-15
22
138
12
-143
7
-127
42
7
163
-11
-50
-103
56
-171
-55
102
124
-135
130
82
137
250
-2
17
-18
-20
-68
27
6
162
-129
93
-46
74
126
4
54
-166
54
178
73
71
82
-26
25
-119
29
51
35
-117
-32
-8
215
-18
-81
103
-14
35
-122
-55
26
-213
65
-11
56
-39
-6
47
95
-22
194
-133
-44
-103
40
14
68
114
36
-105
-57
-16
-22
41
-12
-6
-114
36
-31
-4
-69
-24
70
156
-127
-38
65
111
24
119
56
-62
3
38
3
-122
82
142
-24
-47
46
-38
-96
-78
-24
-97
-76
-135
37
148
6
85
2
-17
73
70
-26
46
-109
12
27
30
-82
165
-44
-44
-20
118
16
-34
-22
-78
-60
56
10
24
-7
-13
69
-140
-80
46
5
25
-69
-68
-77
186
79
-63
-17
72
-137
-16
220
-54
-178
116
-127
-68
-101
37
-84
-165
80
48
-178
60
19
35
-65
5
63
-59
-72
74
-111
176
72
52
80
5
-25
-122
187
-60
-72
25
78
91
134
11
-2
96
55
55
-3
-30
136
144
26
-140
-81
2
11
80
-18
-90
33
72
-48
-17
-84
50
119
102
39
140
-41
40
65
52
-25
44
-27
24
187
-26
91
116
14
-28
-49
-24
-59
-95
20
130
38
165
-194
-18
-151
30
106
182
81
-32
-122
-70
68
-40
152
52
109
-103
17
-3
-63
92
53
-8
52
-172
-4
18
102
63
51
24
96
-38
-1
-76
225
46
-23
18
97
-124
141
2
-57
-18
-18
103
-27
120
122
42
-17
84
-42
21
-30
-77
-38
19
-9
170
-35
-135
-129
164
23
2
-61
74
-32
-5
77
19
148
14
-44
-108
3
-107
55
-15
-72
186
-48
-25
51
-30
-7
-59
-21
-92
105
80
0
-147
-116
-76
178
-20
-171
-102
-36
120
69
-90
-40
30
-4
13
47
14
18
