17
27
70
115
-66
12
21
-34
12
3
23
32
-52
45
-6
-55
37
18
-42
28
4
-20
23
72
-84
-30
-33
-13
8
-8
-9
28
-8
-5
33
121
-30
0
-3
27
23
12
9
3
-66
-6
-13
-1
-34
-6
4
30
-39
-2
-2
-32
6
66
40
85
-45
-27
73
-33
-60
-28
-11
-68
-31
131
71
65
12
0
45
18
-13
-30
20
76
55
41
0
-17
-14
5
-2
0
-9
42
-36
-4
-44
-68
30
6
10
29
18
-70
65
31
21
5
-9
-51
0
-7
71
-22
18
-66
32
-43
18
-18
-61
10
30
-14
26
-10
-7
7
-8
9
21
-21
7
14
-8
-27
-54
-7
56
30
-45
33
38
-20
3
34
29
94
-34
-7
-7
40
-12
-43
13
36
2
52
-54
-32
-24
62
-31
-29
77
-71
65
21
-30
-20
92
-46
40
3
-3
57
42
-18
-19
16
-11
-7
-42
16
32
82
-9
28
-71
33
-14
-46
47
-58
31
46
27
-21
-5
53
28
54
57
-14
30
-1
56
11
-64
-22
15
-40
55
18
15
25
-31
-10
5
25
25
50
28
-42
-22
-47
-21
31
19
4
-76
10
-18
8
-33
12
6
11
-6
-50
-31
-42
68
-48
4
37
73
64
-21
34
3
55
7
-17
-35
-21
14
-16
-5
29
-66
-29
1
-15
-36
12
-5
-22
-1
10
28
16
7
-26
-44
75
42
21
-33
-6
-11
-41
14
-25
4
88
42
26
6
-67
47
75
27
31
-8
4
-17
-15
-29
-18
11
15
45
-29
-101
-21
7
-10
-10
16
-23
32
15
-2
70
67
26
-5
-39
-35
6
35
-30
44
-37
-19
60
10
-56
-56
4
-36
-41
-62
60
48
1
65
-26
17
-39
-59
-35
8
9
-5
36
44
-12
15
17
-25
-28
-3
-18
20
-55
-8
48
-87
11
1
-21
-13
32
5
-17
56
-40
-61
-1
-21
22
61
-41
-34
67
-17
-17
19
0
7
-6
21
-21
6
28
60
-81
-14
39
29
22
56
-12
-8
0
88
19
-17
-35
-37
-54
20
-43
97
-82
40
-35
38
16
-8
-10
10
61
-5
15
-45
5
-18
-29
49
33
-5
67
-24
54
38
-3
81
38
-30
-13
-37
-47
-16
35
-36
17
-58
-13
-33
17
2
52
10
27
-42
16
19
-6
38
-32
4
35
-40
53
74
83
57
17
33
-3
-22
-18
21
-30
-30
8
14
33
-47
13
-6
-80
21
14
19
-15
24
5
0
-15
64
-53
35
-16
56
57
24
50
30
19
-1
38
55
5
-44
21
55
29
-16
-21
34
60
35
12
-26
-47
45
80
12
-27
-60
0
39
24
62
73
-11
-38
3
11
-19
63
28
-41
-18
20
43
29
53
-72
13
-41
-61
41
37
-7
3
1
-7
-5
30
-35
36
11
-5
-35
19
-47
-9
-15
-41
12
2
43
-25
-30
20
20
22
-30
51
-19
-23
20
-28
37
91
-17
-82
44
96
12
4
6
-77
27
29
13
-15
38
18
-68
-10
23
-19
-45
-9
26
20
-17
-44
-88
-25
-51
10
19
-35
42
30
-34
77
7
-32
-11
47
-13
18
-11
7
37
-32
-5
86
-30
64
-34
3
-39
6
-16
39
9
19
80
16
-28
-32
46
-27
-35
-40
0
10
12
-23
-70
-40
96
8
-13
23
38
47
-19
-101
-5
40
50
5
50
54
-20
3
43
52
15
11
1
-6
7
91
-30
58
39
-98
35
17
21
58
1
72
-17
-14
47
60
23
-5
65
10
-5
-2
-6
12
12
52
-8
17
-12
91
-35
-16
3
40
16
1
-26
19
-58
-15
34
94
3
-64
-62
26
6
48
-95
4
9
-12
41
-14
-52
-8
33
32
88
3
-6
3
60
-15
-19
-80
-38
-41
18
35
9
-30
14
53
15
13
12
1
24
39
-70
45
68
-47
21
-61
-18
-67
-26
44
20
5
34
-10
-54
41
11
-7
6
-4
-102
-23
67
-39
6
-21
2
-49
40
20
-58
2
-13
37
9
-5
-51
-21
20
64
-84
50
25
-45
17
-10
9
21
24
89
-23
-72
12
24
-33
134
22
-60
26
19
29
1
12
-16
86
55
-31
27
2
19
-42
11
26
39
7
-75
73
31
-20
21
-38
15
-79
-131
-35
34
-4
-20
0
61
-45
22
2
56
46
-11
40
39
23
-6
-86
95
7
-9
-49
25
29
13
-2
0
44
-18
56
-7
0
-66
43
22
-38
36
66
85
1
54
-21
20
-21
-15
68
-8
66
22
-29
-63
-24
7
60
-5
18
13
37
46
8
50
27
-20
-15
-35
28
72
19
-45
12
44
-46
9
4
-21
85
-46
1
-40
30
30
15
51
26
5
54
19
17
31
52
46
6
21
-25
44
49
28
44
2
62
40
76
-13
64
-1
-56
29
-33
-6
-10
11
60
-7
28
-20
-60
16
28
60
-67
-65
20
-27
12
-59
-63
3
21
80
-44
13
-32
-27
16
-51
-81
61
-7
-2
15
-3
7
-36
17
13
65
1
29
-66
-22
26
-6
19
9
1
-33
-7
19
-30
60
49
1
12
-14
56
80
26
-67
-75
52
-19
35
-20
54
33
-29
-27
28
4
0
