-85
61
8
127
4
45
-23
-57
-15
65
11
-104
-136
40
50
7
-44
93
-32
-47
-27
46
-46
-20
116
48
4
112
93
111
111
-16
-16
-15
49
-165
-58
-28
18
6
96
66
32
-48
53
38
13
-68
52
-1
-47
52
-14
61
34
115
32
-86
54
-43
-91
34
-75
9
-7
20
-5
-154
53
-107
73
-4
51
-54
-82
-178
-106
-76
-37
-37
57
-10
-29
91
48
-95
-50
182
55
55
-72
-24
-90
-65
-32
-15
131
-127
-28
48
-43
-41
61
-30
3
-16
32
-35
-139
43
74
-47
36
-4
52
14
109
-63
-93
-83
-67
17
134
170
81
-102
24
87
56
-66
-130
41
-140
65
-10
38
87
-39
-44
5
29
84
-30
-19
-54
128
15
21
44
-101
26
120
16
73
15
57
-71
60
-140
146
-139
-51
-189
-36
43
118
-73
-13
64
-77
27
35
-100
-3
-7
76
-10
27
99
-132
158
-26
-44
-14
-16
20
99
-31
-21
27
139
48
-80
16
134
-114
26
15
-113
43
-85
106
32
14
19
-34
51
46
-133
-55
-45
-5
27
-42
18
26
88
-65
-3
76
10
29
8
72
37
45
-69
-58
0
30
-32
-169
-56
25
-52
-7
-96
75
67
-65
-2
-56
45
102
21
62
-57
81
58
-100
-30
-61
47
32
114
-58
125
-53
39
96
-37
-122
-26
32
67
-110
-52
68
36
91
41
53
-50
50
42
52
-41
53
3
50
71
39
-39
-65
-9
-23
-19
6
136
-82
-17
-1
-62
-6
105
-99
40
-46
-80
-18
-51
-79
27
-76
70
-52
59
9
-34
-2
-18
-34
55
172
118
63
-66
75
12
84
-37
30
-32
40
47
173
128
-78
-91
3
-86
-84
95
50
-70
-56
-126
-11
61
4
-17
22
85
-27
-43
8
-48
135
-38
25
-36
60
-37
-68
104
-85
-36
39
-25
44
11
-64
26
-39
110
-16
0
103
122
-46
-79
90
48
22
17
81
77
76
66
-9
46
142
66
11
14
-187
-15
-63
72
-94
49
14
28
26
-96
92
-44
129
-63
-35
-72
84
-64
-41
124
-53
75
-18
-115
-6
-95
-26
-38
96
-121
-87
144
34
32
58
115
-17
-54
-44
-53
-1
-118
-41
18
64
45
113
40
19
34
33
32
3
-77
13
-75
44
-20
-50
-127
-11
-65
51
-116
-1
32
10
-1
8
-85
61
-87
-38
-128
45
-3
-38
-139
104
-21
40
46
36
-29
31
-37
-18
-82
-101
8
-160
-66
-75
112
-86
-89
-81
9
-31
85
110
148
10
-58
27
147
-45
80
-129
87
15
62
-99
51
7
-50
-43
-1
-53
-52
5
43
-137
94
-98
16
-97
-86
-13
8
-7
-24
73
-19
63
70
-18
-59
-54
3
-10
53
0
-128
-3
-105
99
-93
57
-28
-14
-20
-60
-27
109
-16
-31
-132
11
-41
-68
-34
13
-61
-8
-56
87
-2
134
-55
31
-22
35
46
-67
68
41
-130
52
46
49
-12
1
-74
116
-48
153
56
-106
-78
61
-42
25
-82
26
-57
68
-18
119
-14
-8
19
-23
30
-8
150
15
-79
-8
42
-49
-166
49
-35
47
55
-90
154
-32
54
-7
-73
-32
-128
29
-49
45
-1
-16
91
97
-8
-119
-116
67
7
-21
-48
31
105
36
-120
-17
73
28
-62
124
-29
-78
-34
51
61
-33
-169
159
-10
-135
-30
52
22
2
-14
4
72
-138
43
-61
36
134
79
-139
18
-76
104
0
-62
138
46
-92
91
-4
44
73
-21
14
-38
-85
172
70
-59
44
65
79
12
118
215
57
-121
-59
29
-95
-90
75
-10
-29
90
-129
98
6
67
-110
-29
-31
-6
66
-1
102
-39
49
61
-23
-67
5
94
46
26
-26
13
-158
-101
-27
23
-60
-59
52
69
-105
62
106
37
52
42
45
0
-82
-16
-69
-12
-66
-21
89
34
-8
-1
32
57
-30
64
-11
156
-53
-3
-65
16
-12
53
80
-77
20
-99
-17
16
-68
-40
-17
67
0
-66
11
-84
-1
0
-2
75
49
-110
-137
-81
-85
112
-49
-40
-95
-59
-184
109
183
-70
-116
42
-17
74
-30
-107
11
80
-97
122
-43
110
67
-12
-67
17
-62
-104
117
125
37
-75
-22
-100
9
45
37
32
-115
-55
-25
-77
-18
-65
35
-11
54
6
-30
-61
-144
37
16
18
3
-92
-26
5
-50
-44
-153
-31
-64
-102
-7
-71
-81
0
44
88
89
-101
-32
-35
-26
13
-51
-74
3
-92
-3
-65
-56
40
20
19
-149
-175
-110
-19
-13
-14
-11
19
64
-15
-65
151
-131
67
4
86
-115
106
-28
67
-15
-99
69
88
23
-19
-105
-34
27
88
-118
26
46
105
74
132
-22
-96
35
52
-140
-46
-24
-42
-2
3
80
49
-3
-137
71
-7
71
-41
33
107
-58
16
-70
-7
-39
13
-41
64
60
125
-40
-52
22
-151
-124
4
-74
-190
82
100
0
19
29
-22
-23
-6
37
-67
-72
30
79
49
-77
-7
0
-120
-110
85
61
102
-34
-48
-28
18
173
46
15
77
24
-6
36
-62
20
-69
5
-17
-31
-45
27
-39
-41
-8
14
-11
-135
-115
61
13
-26
-42
16
96
-34
19
-68
-88
-5
-75
24
-33
-132
48
14
-62
152
-14
-19
94
83
-21
-18
-36
-113
43
-20
-195
132
22
-90
67
-45
89
39
72
133
-72
17
-55
-40
7
223
28
-41
-1
-114
-56
104
-55
7
40
-23
-11
28
-14
24
-41
102
-50
30
56
96
114
34
88
-20
-42
60
12
-54
-2
-140
-97
110
42
63
-18
39
136
1
55
-68
14
-20
47
-23
5
-17
86
-73
-73
32
132
-127
29
-69
-28
12
-152
-5
12
56
55
9
111
41
49
-71
122
37
-23
23
3
-15
89
-8
95
-61
-7
141
0
-14
57
2
29
-57
-39
-60
-73
-27
147
22
-14
76
-16
127
-139
54
-129
-47
40
-147
65
-75
40
19
-21
182
98
-24
-46
-50
-18
-46
-30
95
17
76
39
-51
-39
117
46
75
-56
58
51
4
50
-50
-93
-66
121
36
-74
-52
93
18
-32
-26
-71
60
-104
33
61
57
19
-40
-26
-114
2
-38
-15
26
-61
44
-49
33
48
65
-12
-19
-38
90
-169
-41
89
67
74
8
-79
-70
-97
44
44
48
66
-17
1
-34
-82
29
23
-18
-110
103
-9
-18
-78
-153
-15
-71
-19
-111
55
-14
32
-38
-34
58
20
89
15
-16
1
28
38
62
-8
-65
92
-2
-126
-108
41
-27
-26
-54
21
75
-40
79
3
-77
-26
-79
38
45
-70
26
-29
178
46
-14
-59
-31
-38
53
65
-1
-80
-5
78
-7
-62
202
33
-8
-96
-2
-47
-65
-17
42
-61
59
127
75
119
17
29
-116
-55
-4
8
-18
3
-5
-5
54
-21
-21
132
11
-17
-262
-28
-44
-45
104
-85
-84
52
6
-23
201
2
3
-167
-17
17
-31
16
-16
40
26
-75
-15
72
79
-10
87
-84
1
-130
28
-1
1
36
30
-76
52
-39
97
5
-129
76
63
-66
19
16
63
107
-31
41
74
-54
-41
60
17
38
62
37
68
-60
-42
-2
-67
27
-33
92
56
-23
40
9
56
27
184
112
44
-43
89
30
5
115
5
36
94
81
46
-45
41
-60
56
-10
93
-121
99
70
-45
-8
-140
48
-7
-118
-134
-94
31
23
-17
19
-7
75
15
-48
102
6
6
-170
-73
-6
-5
64
25
-107
36
-53
128
-76
-90
-17
17
-85
30
-57
60
106
18
-4
137
18
-67
140
-5
-75
6
8
-4
89
-37
34
-22
-43
37
119
53
-76
-29
28
10
98
46
26
2
60
57
44
63
-55
12
13
117
-64
-10
-93
-83
11
-64
-75
-89
-59
-16
43
169
-124
-69
-34
41
-102
18
31
-54
34
59
21
45
-34
-44
52
-17
55
-33
-28
-163
-46
35
-10
0
101
6
16
159
-36
64
-87
-50
54
-8
-51
28
71
-39
-55
36
82
105
17
-52
35
-81
51
-140
88
-52
84
-19
-37
-47
-40
5
-69
-76
17
-47
-26
-69
145
36
-20
15
78
-39
6
-6
-85
100
-19
30
1
65
-6
-85
-44
-54
14
27
190
-52
23
54
-116
174
60
-142
-52
-66
11
-67
31
-33
79
-48
72
-15
160
27
195
74
-31
-142
-41
10
35
-7
30
65
27
82
-18
9
77
63
67
-157
132
-20
53
-47
109
20
51
-199
-10
48
-45
-11
66
-54
21
15
59
11
-94
5
-34
-36
-37
75
-36
-29
-82
105
-18
17
11
133
-128
46
-126
125
71
30
43
-90
60
178
-21
30
-79
77
-152
-43
6
15
4
-74
-21
-43
86
-219
-74
-57
77
21
-56
64
-4
-27
-5
-25
-108
-58
-76
-75
111
22
4
105
-32
-111
100
-4
144
148
-64
35
73
25
19
-75
51
15
13
44
51
34
32
10
19
121
105
-67
-31
23
-101
70
101
-1
90
-21
28
61
90
-72
-52
-28
90
85
41
51
-46
1
-41
41
-11
79
78
-76
9
3
36
-82
-52
-60
66
20
63
49
-143
152
108
-58
-52
14
28
48
2
117
-92
2
99
-44
7
124
-66
2
-92
-27
53
118
78
-37
-55
-161
37
-112
125
-7
-11
37
12
28
-35
14
0
68
-11
-2
-20
-22
-59
-54
-64
-70
27
-3
-86
61
-141
-18
131
70
15
-58
-96
15
95
53
49
-28
45
48
-186
-25
64
-8
23
32
-87
106
-75
-37
-12
-111
-49
18
3
138
11
-53
-113
-16
50
-125
-31
39
36
-30
35
18
69
24
29
135
-10
1
90
32
-91
60
-34
72
-53
-55
19
-70
-30
69
-117
-54
7
-20
90
-2
-100
-93
-13
-81
-4
-81
83
-36
-158
8
42
-46
-24
-54
60
-20
0
-75
72
-77
49
37
4
57
63
39
-128
-82
7
-183
136
-88
-113
62
-2
38
136
6
80
6
29
45
-73
5
-30
-78
-4
-19
-15
45
-90
-64
-18
48
-61
33
108
-16
-28
-12
86
197
1
-85
1
141
-72
-24
-33
-97
-2
-61
1
92
-38
38
-16
-40
79
-122
48
139
115
-104
24
-70
-10
-22
-16
86
-33
0
169
140
-15
76
-14
-26
61
-141
168
-59
118
-57
-137
-72
100
-35
-92
-30
-53
89
5
-79
-120
-73
-45
-23
-31
-5
71
0
-52
-88
66
38
84
-30
24
-20
67
67
-3
64
-57
34
-57
74
-85
-174
-58
56
-29
-161
83
99
85
-20
-7
114
99
-53
