48
-111
-44
-22
45
7
52
43
-38
-48
-12
-2
11
63
-33
1
35
16
20
-15
-29
4
61
-38
76
77
-123
-65
-69
51
-7
47
90
103
48
46
43
-100
-27
-10
-1
-39
141
50
-2
50
-22
2
-54
39
-37
-61
11
-5
-45
-4
-78
28
75
49
17
-41
39
4
24
-108
50
-80
91
-60
-66
38
-36
-12
13
-15
-25
-106
44
30
-48
58
-77
-31
157
-58
-74
-92
31
-18
-16
-16
75
-75
-79
27
-1
47
32
-26
-3
106
9
42
-47
-81
-74
22
-28
-40
-3
40
1
110
-48
16
62
-24
20
-31
-30
30
27
-2
80
7
-29
16
59
-38
7
41
49
-55
-14
21
-126
48
94
21
1
75
-123
-12
-30
5
5
57
34
43
62
42
80
-56
64
-6
13
10
-21
9
5
-59
13
-72
-11
-78
3
-22
3
35
3
-12
38
-28
11
25
0
-70
29
-52
-68
-6
-5
19
43
6
22
99
4
-9
-41
4
82
45
20
23
-2
63
91
-132
42
-15
-17
35
-11
6
19
-89
-67
43
-29
-43
-20
-8
106
-9
123
73
28
-43
8
-52
43
20
-76
-75
44
-10
17
56
66
91
-117
7
0
-23
-14
17
84
-71
-1
-46
-5
-9
-43
70
-9
-52
-53
-93
-2
-52
-16
-23
-14
95
65
-72
-11
84
-77
-46
15
-31
77
-83
23
-47
9
-44
-20
-54
-40
97
-50
-62
-36
67
-4
-84
-21
94
-41
13
31
16
-55
88
2
-70
-125
-99
-1
27
52
-13
89
-4
26
-4
61
20
42
30
43
17
-26
-20
67
-68
26
-38
19
-30
17
11
-18
37
-47
26
-7
55
-27
21
-11
-76
11
55
-1
-25
15
106
1
26
5
-17
84
-2
-39
11
70
-30
-5
-100
37
-50
13
-45
-28
68
14
-4
35
-28
12
-44
-89
-4
15
34
40
24
-34
-12
-10
-77
29
49
-54
-7
34
98
-50
42
131
81
-41
-75
22
-2
108
14
69
92
33
37
99
8
3
43
32
39
0
-15
-41
-80
-29
-31
-127
-40
12
-23
2
-75
19
-4
0
-80
16
34
-37
41
15
-27
11
-25
-37
-44
11
35
-15
-52
42
-75
-53
-14
-26
-5
11
21
-4
6
74
-36
40
24
-10
-49
104
16
-59
-52
30
37
43
-14
-83
54
-9
-22
27
56
36
-31
-61
-28
-50
1
-21
-20
-33
-13
46
-60
73
-38
48
76
86
-47
-13
-30
-56
-6
-53
80
-68
99
16
57
57
-62
-26
-44
57
39
70
-42
-41
26
35
-29
78
19
-20
-10
52
43
36
-15
-14
2
-9
15
40
-45
44
31
-9
-20
-43
12
7
32
-60
74
-15
51
49
-30
12
-51
67
-13
97
64
45
57
12
53
-27
40
-89
20
-13
5
83
36
87
0
45
-13
-67
38
-95
-9
6
-39
21
-13
35
31
11
40
77
-54
-8
103
47
-7
-34
-49
-33
21
53
30
-49
-3
-43
18
-20
-1
47
75
46
-82
-131
-37
21
-11
25
-53
27
21
40
69
-13
43
-90
-16
128
-18
-6
67
-20
-12
-55
-14
-63
-55
-45
-113
36
-64
10
-13
-107
40
52
-55
1
-118
12
-26
30
70
35
-29
-98
-61
36
-20
-13
-70
-13
-82
-35
-44
59
-31
39
-7
26
38
18
-100
-64
46
-30
65
-6
-31
61
29
53
19
25
8
77
-53
-15
32
36
45
12
21
-68
2
17
31
86
20
17
-49
18
16
39
-2
69
61
-30
-53
38
84
91
5
14
-62
-63
-27
-2
73
-73
-45
117
-32
-3
-75
15
-16
40
-17
82
54
-33
-77
27
-78
-69
-65
47
42
43
-53
-10
-12
138
46
18
-4
-96
4
-36
-3
60
-93
-21
-162
34
-32
-23
19
32
-21
59
77
25
-37
39
-18
-72
92
-19
-29
3
12
-1
-16
0
54
-29
-10
82
-16
12
1
-8
-23
-34
-25
-108
14
-87
-9
61
-60
60
-3
68
46
67
-70
23
-57
-10
-33
-62
1
9
45
25
-47
-48
-16
10
-13
-79
-20
13
-88
30
-59
63
-58
-39
-36
-80
26
5
-24
-23
-7
-12
16
-24
-3
-65
-5
-25
-60
30
-30
-38
49
33
14
92
-23
-87
74
40
105
33
53
-69
48
30
-61
-43
66
47
44
-87
11
-39
6
24
-84
25
12
63
5
23
3
51
-3
-14
35
88
-104
98
-7
88
-112
-82
-67
-99
-55
-36
-50
-4
59
13
43
-56
60
-53
8
85
-105
-7
-23
1
-35
49
86
-7
7
-100
7
-48
41
-17
12
-63
-7
39
-27
-114
3
-62
76
30
33
30
45
19
-47
-14
46
8
2
-50
-1
79
-24
-1
35
-126
-18
54
-11
-35
-21
13
-65
-52
-13
76
11
-13
82
5
-107
-33
-82
-33
22
-45
113
-52
20
1
16
-45
-20
-65
15
-41
-67
103
-21
-131
18
-14
2
-28
-35
88
-56
-58
-37
-7
22
-41
60
-120
-58
-21
2
-35
91
66
-28
-16
69
13
-55
68
-25
-65
33
87
-100
-37
20
-101
-10
39
-15
-14
15
73
3
16
-105
68
-49
-67
-43
25
-18
-15
27
22
27
34
27
2
-1
-20
-100
-22
8
-80
-36
-78
7
-43
-18
70
0
0
-39
-47
55
-21
54
57
30
-45
-29
-86
-59
-50
23
-24
-42
-51
-88
23
16
2
-22
-7
40
57
41
82
56
20
83
-13
-91
32
-29
99
-8
-22
-52
88
-42
59
-65
-51
-63
-5
27
16
35
-47
-38
49
29
2
33
-57
40
-21
-11
15
-87
59
-77
-13
80
-48
-29
-19
-117
5
16
-4
-34
-55
37
-99
25
25
-79
39
-59
-15
-30
96
6
-16
-16
-10
38
-88
37
32
-12
-7
-6
43
-29
-100
-26
58
5
-131
-1
1
-106
37
55
7
55
-7
-48
18
7
19
-18
49
93
30
33
-15
78
-5
-27
-90
12
34
10
27
-40
37
-72
90
-37
130
-85
64
17
11
29
65
-3
4
-101
-15
-44
-64
6
0
-48
98
-64
-62
73
92
-23
-24
-80
-83
46
-21
-80
6
25
16
42
13
65
-24
58
-65
48
-57
-27
-8
0
-18
31
1
-63
-70
53
-65
116
47
16
-42
-4
-17
-59
-62
-59
53
90
-8
-10
-63
77
-25
45
64
-16
4
-43
-53
-50
-19
-29
-93
-32
-57
54
-14
118
-79
44
4
-1
-29
146
94
-13
-69
-34
-9
-48
49
17
11
4
-17
43
-5
33
-23
72
53
42
75
8
-71
44
-32
27
51
-60
-7
-48
-12
18
47
45
5
15
-14
-21
18
50
-61
-49
-6
42
30
88
-9
41
28
70
-104
115
-76
5
33
-92
-33
31
-69
-10
-41
-67
-16
81
54
-69
36
-27
-98
-31
-32
60
-21
-31
-34
-36
-13
-14
16
-44
74
22
-32
-67
30
15
-26
63
-77
85
32
53
61
45
7
25
-46
-22
84
-43
34
49
-86
-10
-68
-18
-64
-89
-33
-7
-9
3
-15
63
7
-13
1
-1
15
-59
-81
-38
37
47
25
22
36
-10
35
-35
45
6
-33
-66
55
58
80
23
44
79
-38
-11
-49
-62
42
4
-64
-11
44
-53
16
60
64
17
-57
73
12
136
4
29
116
-91
5
-12
51
-86
2
-3
80
12
-65
19
-57
-62
37
10
-44
-29
-8
-19
1
71
-44
-40
89
-99
1
-3
-24
13
-44
-40
104
-22
34
7
-33
-43
27
-140
-2
82
56
65
35
-49
-30
-41
143
53
30
73
-16
-15
73
-119
30
7
58
1
-26
43
-7
93
-41
-44
-9
-55
-21
-15
-70
-22
-6
-38
-14
57
-4
66
31
70
29
-20
-40
28
30
-3
60
-16
49
43
7
21
40
39
58
40
7
-32
99
41
8
-50
47
-56
17
-22
67
114
126
44
62
41
9
-14
-72
33
-57
-13
38
16
6
-23
27
29
35
-72
46
-19
54
62
63
73
-79
-4
-28
-89
-23
-97
37
-36
17
12
3
12
62
-56
54
-56
-3
-77
42
85
111
-15
57
-45
-11
-18
1
13
17
-19
83
42
59
-4
-62
43
-41
-103
83
-35
-33
-82
27
25
26
52
75
-12
24
-90
93
-10
18
-35
-67
-62
160
-27
-20
17
-168
69
-8
27
61
56
-50
13
45
42
51
-28
64
-41
84
69
-11
-48
67
48
-17
-125
20
143
51
-23
58
101
55
-16
-23
-52
64
-110
-106
-53
-18
-21
-25
37
-36
-80
44
41
-19
-21
21
13
38
-17
19
-68
35
-20
5
11
-36
71
-9
-3
-90
-3
-31
-59
-44
46
-75
31
-23
-11
-83
39
-32
24
39
-44
-76
-66
25
-19
-31
33
26
75
-46
-74
-8
-16
24
9
-38
-17
25
-11
-17
24
53
-39
-142
37
18
-65
-37
-123
63
63
-32
-11
71
-56
-2
8
41
-18
-19
-58
70
73
42
-40
-85
11
-7
18
-2
-48
78
64
-79
-56
34
-55
-49
137
-17
-30
-44
-4
-28
70
-85
-34
26
0
116
14
42
-34
-91
110
4
9
17
-2
89
-4
-13
-6
-95
61
-45
111
-99
-57
-57
29
-56
20
17
5
-92
-1
-62
-79
23
30
-27
47
-24
28
14
-17
-19
33
-5
-50
2
-97
-12
33
-19
7
-35
-38
-49
12
34
41
-21
-47
-5
-52
-20
-1
-76
-68
-11
57
-75
37
24
-28
61
70
-2
-50
-28
-32
-45
62
-1
60
57
-12
-44
54
-2
-6
-26
-58
52
-34
44
-48
-87
9
30
12
10
-67
9
-7
-25
32
10
-92
46
109
13
64
27
-35
-1
-20
-46
-89
-26
99
59
-88
4
22
-22
-36
-13
-16
52
-46
48
43
-33
-9
34
71
11
-9
69
24
-47
-8
-95
-25
-33
-16
-66
51
-75
-29
9
-96
1
64
-34
7
-34
66
18
-9
-10
-59
-12
-23
-17
-56
-90
34
37
46
33
-50
127
-23
31
18
-117
9
5
-80
45
-22
16
33
3
-60
17
-35
105
12
31
-92
37
-64
19
2
40
5
0
-31
64
38
-18
10
23
-12
16
-39
9
42
19
-13
-16
8
35
-130
60
33
-63
0
71
-16
-29
37
0
-9
107
-28
-34
4
-48
3
-12
2
13
57
-53
-60
16
32
-53
-15
-33
21
24
67
-41
-18
12
-1
29
-18
-73
-49
-25
-5
-15
22
57
-33
-23
-38
101
-61
-5
-9
-6
-21
46
28
4
-31
-46
27
40
-18
26
-40
55
-27
-2
34
-38
-40
9
-39
5
34
117
11
-32
32
