-4564
-3551
-3531
118
1296
-3663
550
-4121
-4274
-4089
3
-4219
-3691
-3911
551
-3321
3
1067
507
-3648
-4212
58
1249
-4308
222
-3362
963
-3779
-4754
355
-4160
-3710
488
-3455
913
585
-3422
-3339
-3857
1001
-4705
1183
706
-3918
-3868
-3495
1016
914
357
-4588
-3387
770
-4173
-3774
-4134
595
-4140
-4039
487
-3916
-4412
24
333
-3375
-3310
581
563
1636
-3439
723
-4244
-3553
-4854
576
58
142
-3564
-3728
388
-3553
883
1532
-3640
285
584
448
150
210
99
541
1193
426
-3940
-4904
-3746
74
424
-3402
-3391
650
57
263
-4676
-4597
456
-3700
-4463
-4348
427
893
-3422
-3793
452
-3512
215
2
58
642
-3534
-3838
98
-3979
-3303
-4420
628
-3938
-4124
-3379
-4326
469
826
-4019
-3310
-3786
1316
202
-3715
146
-3600
-4264
-3627
249
-3769
855
327
-3980
-3960
-3710
-3868
-3753
639
1195
171
-4168
1170
439
786
1245
-3361
-4351
-3796
-3896
-3339
-3460
-4054
-3538
-4675
-3321
717
377
-3423
-4143
-4293
-3499
525
570
1212
-3800
821
226
10
-4403
373
-3766
-3734
-3548
-3925
-3686
503
1172
-3361
-3358
649
-3852
502
476
402
-4229
-3445
90
-3857
-3383
-3548
-3342
-3876
906
1195
1030
-4000
192
1259
1574
-3554
891
1279
-3813
1397
354
-3776
546
30
-3748
-3877
-3732
-3549
232
175
-3737
896
154
-3306
-3942
158
-4061
564
1599
1019
-3709
56
208
-3704
13
-3546
-3609
-4211
-3366
94
-3839
97
370
-3849
850
117
1321
-3462
313
486
-3610
-3389
-3585
-3586
-3760
125
-4106
649
609
710
-4558
198
-3915
-4479
-4052
-3502
781
-3521
56
-3784
-3761
729
778
-3674
-3376
74
-3965
392
-3450
1501
577
786
-4584
-3828
-4462
-4370
345
185
-3416
289
-4042
-3916
-4178
-3478
-3800
-4845
961
248
433
680
670
-3845
151
-3392
1051
879
1051
-3933
-4171
-4898
-3973
1188
-3558
-4897
690
207
-3840
615
930
233
258
510
-4267
644
-3480
740
-3376
362
-3649
36
447
1202
-3686
-4408
617
-3480
155
-4009
608
753
-3499
588
901
727
513
-3931
-4076
-4006
-3488
-4117
-3816
-3441
1329
-3790
-3323
1035
22
6
-4216
1133
-3546
857
35
-4589
957
1178
708
-4511
-4230
642
369
-3488
835
464
160
-4480
-4071
569
-4412
103
-3525
392
1526
-4389
-4127
950
-3915
180
81
1029
879
-3653
-4005
-3514
994
126
-3783
345
-3640
763
28
414
-4905
739
814
35
976
-3569
351
-4255
911
-3849
736
-3699
-3563
-4073
-3380
-3820
313
603
-3398
525
-4039
470
834
-3702
1032
859
-3611
735
-4786
-3977
-3348
1286
248
201
-4844
-4160
-3664
389
-3619
-3858
670
-3302
-3715
350
-3830
1154
-3384
334
1
363
-4411
846
-4345
-3906
28
-4041
-4053
-4348
-3979
-3771
-3836
77
437
31
-3334
1009
87
603
594
444
-3632
-4855
-3450
-3898
-4048
-3709
-3464
-3778
646
-3744
-4458
-3518
-4836
54
-3458
808
692
212
-3465
427
1547
1139
1402
99
-3582
-4077
554
831
877
292
809
344
1322
481
-4362
-4695
112
-3414
287
-4190
-4441
36
698
-3866
28
440
861
44
-3332
791
-3900
-4242
260
250
-4154
1223
-3306
727
-4878
579
693
-3644
-4448
735
84
-4177
-4156
128
-3683
68
-4232
460
125
102
-3812
-3460
401
304
-4475
-3666
1135
185
-4161
69
872
-3391
610
469
-4935
-3490
-4569
-3673
534
479
1258
555
-4491
81
1208
-3685
-3502
-3534
444
430
184
-4827
314
-4036
856
-4142
-4379
752
-3987
-4078
907
-3706
-4218
74
202
-4756
-3366
-4464
-3455
-3495
904
1349
564
-4317
-4007
1409
-3634
1151
-3949
1389
529
-3521
23
-3449
-3525
493
-3327
662
-3657
-4050
768
-3994
-3682
-4099
170
1045
1619
-4482
1022
-4057
629
213
753
21
555
103
360
-3891
-3964
-3480
-3773
-3483
33
-3711
1503
198
-3752
45
821
1031
-3868
-4244
-4161
-4082
-4031
662
-3487
-3758
639
-3362
157
-3488
-4615
-4340
-3709
-4027
61
822
1087
1029
-3977
617
66
1236
-3610
244
-3496
952
348
55
-3403
58
452
-3555
103
-4107
307
-3566
1502
-3338
-3639
-3426
601
-4880
-3864
-3436
362
1071
10
1240
186
771
-3350
-3854
458
-3319
-4206
-3428
-3454
179
-3494
-4011
-3377
1119
-3875
364
-4578
-4596
702
-4335
1325
-3571
-3899
674
-3478
-3718
355
310
-3494
-4224
12
801
58
533
-4332
245
-3479
-3567
-3515
1250
-3756
-4029
-3613
-3406
-3372
231
736
1566
-3694
-3665
-3749
1282
791
-3635
771
-3912
-3732
-3383
-3610
-3703
228
87
511
845
-3437
-3462
-4777
568
-4137
-3485
-3661
867
-3971
-3396
-3558
315
-4130
386
-4195
-3689
36
-3340
-4912
-4273
-4239
-4703
-4144
-3480
-4061
-3640
900
585
-4096
363
1325
1258
624
-4251
-3976
-3545
25
653
1099
-4007
201
-3991
-3372
-3465
446
943
-3470
66
-3951
359
-3356
-3469
299
1106
-3977
-4133
458
-3681
879
-3515
-3885
-3327
-4255
-3308
-3903
715
-3845
-3827
73
-3423
-3468
-3750
-3709
-3909
-3489
159
164
-3801
773
47
744
-3782
-3545
503
71
-3604
-3538
-3527
-4467
563
-3455
971
-4229
-3994
-4926
-3700
364
-3502
2
654
955
-3902
527
-3518
-3372
36
511
-3488
-3892
1108
414
-4478
91
-4108
557
-3727
-3765
-3953
-4047
650
-3357
573
1009
-3743
73
-3841
297
-3488
-3799
161
142
373
-4316
-3494
1136
851
-3361
-4393
-4311
-3890
-3394
-4807
854
-4350
-4030
-3427
-4142
-3747
672
-3765
-4229
1117
-3383
205
964
-4342
8
-3739
657
-4248
504
-3451
717
921
-3546
-3393
-3802
239
265
-3635
264
-3493
-3954
-3333
938
-4660
117
1220
-3302
-3885
52
647
555
408
895
604
-3670
-4157
1133
-4404
648
454
304
493
-3472
-3953
-3694
533
-3405
633
156
885
-4476
251
232
241
403
-4619
-3686
1055
-3537
-3407
-4592
63
709
734
-3370
-3836
-3905
390
1227
-3487
341
344
21
980
-3823
-3594
74
294
495
-3455
1286
-3324
295
-3567
-3577
92
-3393
129
431
-4568
1043
-4307
-3568
816
-3434
-4003
-4342
-4174
-3771
-3958
191
110
861
945
171
470
-3410
-4773
-3729
-4453
-3937
-3888
-3679
-3410
-3598
435
-3387
158
-3341
-4076
-3361
314
563
475
-4705
58
496
-4346
210
-3394
165
-4196
-4296
-3549
949
-3603
138
199
184
-3862
-4913
-4479
1091
-3550
-3662
-3888
1014
-4360
969
275
-3819
-3414
474
801
1068
1540
-3432
-3756
-4024
619
855
-3720
235
998
411
351
-3388
-3811
-4889
-4910
-3931
-3893
511
638
-4142
1364
-3322
823
766
181
-3348
-3582
554
365
-4002
-4631
601
-3424
-3906
815
-3709
760
1249
1149
332
837
114
361
-4019
-3659
-4706
1298
-3489
6
336
1371
-3672
-3726
-4637
-3504
-3857
95
1422
20
-4041
-3724
127
-4769
-4290
-3338
132
1493
-3401
292
-4724
559
-4815
131
-4115
759
573
1573
821
-3393
979
-3586
-3332
669
262
398
-3822
132
-3953
432
135
-3922
1611
-3435
431
-3648
-3335
715
-4058
233
-3794
-4025
-3664
919
143
-3914
-3452
-3962
-4289
-4190
-3947
346
-3836
773
-3379
82
34
-3360
-4196
-3949
2
-4122
-3393
507
-4804
298
-3500
-3582
-3427
1147
1549
289
-3595
-4094
-3397
1349
-3880
-4626
77
-4708
315
168
995
133
636
1220
-3834
-3566
1297
15
-3723
-3804
765
-4485
-3369
1015
1177
-3474
30
-3986
-3405
-3328
-4283
-3314
-4136
659
-4086
64
599
-3615
386
1069
327
697
-3992
-3971
407
969
-3674
-3536
688
-3605
-3722
-3429
429
-3719
-4120
31
1371
-3483
478
-4170
-3535
526
-4353
-3473
-4430
-3836
132
-3805
370
-3803
866
1093
-4641
-3910
-3601
-3757
195
-4362
-3367
-4007
507
-3881
211
-4158
858
-3498
-3802
-4802
-3454
-4075
-3369
795
-4084
-3677
594
-4844
216
748
79
507
663
953
1040
900
179
158
-3538
-3769
283
-4680
-3443
-3342
-3344
-4725
540
-3489
812
-4083
-4056
-4552
-4447
323
-3714
562
387
690
-3969
-3519
-3464
303
-4185
694
779
414
300
-4178
600
152
99
8
838
1388
615
443
-3605
245
-3936
490
206
-3954
-4092
423
90
-3727
628
1015
-4012
-3973
-4143
-4550
127
-3670
54
-3991
46
192
-3871
882
-4070
1165
297
-3565
-3339
-3672
1624
-3861
-4800
-4404
784
-3586
-4379
210
-4361
515
352
-3819
128
-3838
472
878
619
-4172
397
1081
-4116
251
-4473
-4106
94
1146
1649
-3765
1083
-4207
-4394
-4149
-3962
990
-3820
-4749
-4475
-3459
358
1047
-3751
-4521
625
1109
-3446
273
-3805
-3750
1517
124
599
435
553
713
1042
-3951
-3542
-4476
-3396
514
-3686
323
1493
-3545
1081
254
162
500
-4125
152
1289
-3467
76
928
397
565
-4098
-4380
221
-4068
191
-3577
450
89
-3347
-4019
-3935
-3776
890
229
-3814
418
-3557
63
-3514
-4105
-4615
3
267
111
925
211
241
178
730
-4072
631
-4243
334
-3508
184
312
-3803
230
-3699
863
708
-3534
-3693
-3549
896
534
-3478
-3734
506
464
723
37
-4017
-4421
-3570
489
-4182
451
146
-3534
-3721
-3437
887
93
1029
-3462
-3332
806
-4337
306
-3461
-4883
-4097
579
-3323
178
-4068
1348
-4190
-3472
-3969
-3556
-3621
1043
452
-4399
-4213
-3655
410
-3311
-3529
922
-3643
-4840
-3851
897
-3860
-3996
74
-3348
-3612
514
252
-3433
333
-3900
-3776
101
-3807
646
799
769
-3329
-3441
299
-3675
-3566
501
-4357
669
-3605
-3414
-3646
-3386
392
674
-3572
-4275
1355
527
55
774
-3477
-3820
15
-3363
-3958
753
42
-3415
867
1251
-3637
-3825
308
1206
918
-4259
-4410
539
-3610
-3783
622
-3618
-4466
-3302
-4335
-3951
-3478
1017
-3602
609
162
2
294
589
-3741
320
230
257
-4252
368
-4058
-3364
-4756
107
721
-4184
346
-3715
-3589
352
-4461
-3709
652
-3478
432
473
615
433
-4482
502
582
-3343
481
-3387
662
479
-3868
907
273
393
287
1439
-3925
445
-3802
-4317
422
-3339
586
760
-3538
767
-4306
580
-4362
369
-3626
-3750
359
1146
986
-3318
444
-3610
619
-3894
44
-4277
1136
641
-3620
265
-3783
864
238
306
-3304
-3843
-3438
603
-3993
355
302
925
-3468
-3983
574
259
130
266
8
1224
1523
340
707
-4171
-4828
241
1284
793
-4226
713
13
635
681
-3382
1251
194
-4280
-3988
-3613
774
-3384
-3765
407
-3572
-4527
1435
276
415
450
-3361
352
-4263
378
-3400
-4105
2
-3342
30
-4405
86
-3433
12
107
444
-4469
31
832
-3887
-4816
602
-3544
580
448
113
243
374
178
-3787
-3624
-3753
-3699
182
-3684
-4438
332
-3554
-3319
1381
-3480
-4275
-4223
-4023
-3979
-3549
-3584
875
479
1252
483
-3526
1076
-3409
336
452
898
-3631
-3425
399
-4071
613
-3326
137
-3528
1119
362
774
502
117
-4645
1055
-3969
264
718
839
830
1047
99
-3480
488
-3855
-3857
611
1290
-4326
-3682
961
1616
-3880
-3449
346
-4232
-4811
-3749
-3531
561
403
69
846
870
-3936
952
503
984
694
-3604
104
-4747
192
-3839
556
-4579
-4479
1292
232
-4751
213
1545
-3332
-3386
-3367
-4157
-3630
366
-3735
-4159
-4936
-4049
186
-3914
624
-4460
-4378
-3442
-3334
-4505
506
-3513
659
369
-4554
1364
-3901
-3930
730
262
-3578
-3791
767
-3838
-3745
-4062
675
-3315
466
233
-3714
207
685
-3917
102
377
-3587
-3766
-3337
454
535
-3461
-3652
538
-3378
693
-3548
583
486
713
-3948
-4204
651
574
-3886
-3874
-4359
1077
-3415
-3664
181
-4716
21
410
285
877
1481
490
-3444
-3479
-4712
2
31
-3715
-3784
-4015
-4788
381
197
1458
453
320
-3312
418
328
343
398
-3743
-3876
483
1236
-3783
-4524
-3989
547
-3371
699
-3373
103
-3557
-4813
580
-3554
-3802
-3781
-3527
-4338
-3430
747
493
558
-4836
-3664
888
518
-3866
896
-4272
-4748
826
-3411
1640
-3903
-3404
410
-4018
600
-3692
-4480
464
-3669
1179
323
615
-4939
189
-3369
-3604
24
-3305
-3577
169
267
124
869
673
230
240
132
-3877
1354
171
640
146
78
-3528
951
902
-3648
1613
50
-3518
206
-3402
-4185
-3722
-3858
299
-3435
-4797
272
794
71
-3368
-3611
-3622
1297
816
5
-3590
1221
-3539
10
-3767
970
-4322
753
-3467
-4343
378
609
250
363
28
-3427
561
869
-3559
-3501
71
-3405
-3664
-3904
-3590
538
711
1009
104
293
-3590
-4143
-4109
-3457
592
-3461
-4712
117
-3324
-4124
-3326
542
-4065
-3344
567
-3816
-4616
798
-3652
-3954
997
-3315
1307
-4768
150
1365
-3858
513
225
742
145
1176
583
262
-4617
-4154
-3649
166
-4710
663
110
-3942
376
-3598
-4350
90
-4851
-3380
476
36
-3396
632
666
-4021
-3596
146
-3348
15
-3720
244
1341
248
-3900
202
226
92
1543
-4013
-4532
304
431
-3650
-3984
1260
568
-3343
-4105
-4172
875
-4080
-4720
-4037
449
-3911
288
502
-4216
1020
-4190
-4043
-3970
488
394
-3957
-3487
644
-3527
470
-4102
-3428
1352
-4222
-3589
547
-3687
951
1376
1035
252
-3399
-3781
1315
-3502
-3546
-3769
-3896
-3788
-4131
-3691
-4123
-3693
227
-3595
-4705
482
-3919
-4319
-3496
67
279
1092
556
-3918
885
446
-4263
-3588
-4067
-3649
158
1254
1153
-3625
596
-3519
208
1269
-3322
-3648
-3399
950
515
-3363
250
-4333
-3661
-3603
818
531
499
-3538
-4396
-3922
-4534
516
992
-4260
633
-4099
621
300
1326
-3441
1155
-4184
620
1009
-3693
261
1250
-4562
-4650
-3441
-3944
1089
276
-4196
-3511
1455
463
422
-4031
1181
-4513
1225
175
-4344
-3328
-3414
105
-4206
1009
61
255
-4260
94
-3792
1159
-4406
315
30
-3491
-3589
727
2
-3896
19
40
-4582
-3395
313
-3526
-4402
-3677
-3382
403
-3619
851
789
-4273
114
-4296
69
-3761
-4648
148
589
616
206
683
-4110
-3470
120
749
-3452
622
-4537
-3534
775
364
-4108
-4584
28
-4894
-4277
-3358
-4228
1513
-4143
741
1050
-3943
-4371
684
787
1
-4412
-3804
218
131
544
-3536
-3719
700
481
-3890
174
533
1249
1151
-4576
311
-3630
237
235
-3602
-4095
-4215
-3529
756
149
-3777
-4506
935
565
35
-3316
-3689
-3383
218
494
983
-3447
-4207
1073
-3434
-4519
-3794
-3713
-3517
1090
-3393
-3616
591
663
676
-3535
-3388
1317
-3410
-4036
99
-4083
-3575
218
-3872
602
1098
1273
13
-3812
-4475
667
202
-4172
10
-3719
-3634
336
-3909
223
-4467
761
277
78
488
-3926
516
-3470
-4450
-3766
180
46
677
-4238
-3543
-4247
-3951
-3797
1278
809
805
147
-3641
188
-4553
781
-3554
596
-3720
10
-3568
-3645
-4549
-3729
1030
935
49
-4642
212
-4047
-3687
-3432
470
28
-4136
-3406
-4265
-3369
-3939
-3582
744
-3464
-3370
499
-4184
356
-3717
-3851
523
-3999
1105
610
-3801
1511
231
268
-3444
340
-3955
145
-3976
-4148
-4743
383
-3701
-4043
189
-4353
-3830
611
-3438
78
-3823
24
336
568
-4094
-4668
-3430
550
-3705
483
28
744
-4083
667
1325
-4457
-3932
-3504
1535
-3347
-3413
677
150
-4642
-4800
-4245
304
844
907
556
-3429
-3338
-3304
-3931
-3921
-3607
114
-3697
-3874
736
-4155
304
877
-3685
129
-3502
-3361
-4545
-3627
142
-3632
-3644
-3347
-4579
92
-4123
-4003
-4572
747
-4154
-4529
-3740
-3425
-4135
982
1162
440
1302
1068
-4777
559
-3594
1046
-4212
-3325
73
504
-3366
-4111
-4220
-3394
-3377
-3388
178
-3743
-3337
104
-3615
130
-3507
-4001
58
-3554
-3456
669
-3688
603
1159
-3959
-4455
261
-3420
-3381
-4049
-4708
-4222
604
-3562
348
-3511
257
-4369
-4205
814
907
-3549
559
-4017
1244
374
793
1437
-3716
-3435
393
-3645
311
47
-4907
-3929
-3581
-3603
1091
1202
-3627
211
888
-3693
-3626
178
-3545
-4260
-3695
308
-4039
1216
1258
-3471
-3528
175
25
-3515
1440
-3407
824
8
-3582
-4249
-3509
-4123
316
-4516
-3464
754
310
-4809
-4654
390
97
-3682
1124
117
-4021
-3640
1221
-4011
505
460
-3895
691
-3336
796
382
1089
-3448
-3442
-4587
148
-4361
527
-3623
562
885
73
202
-3684
-3346
240
461
-4079
-3803
673
-3636
-4036
596
-3627
502
670
-4441
588
-3760
1059
-4330
106
619
-4188
597
1001
-4029
36
671
894
668
957
-3729
506
549
77
129
-3610
111
-3375
-4167
285
-3880
109
310
969
-4151
-3506
93
-4220
-4918
669
-3734
587
-4472
-4534
-4009
137
521
168
296
813
494
286
1359
691
273
-3332
-3837
619
-3506
-4062
1494
1160
57
-4587
-3784
-3536
-3762
889
-3942
1559
-3637
-3325
-3629
-4579
249
208
60
908
-3600
581
-3794
870
-4466
-3920
701
156
370
821
399
598
-3417
-3625
-4450
-3843
-4033
-4183
-3391
-3673
935
698
-4427
-3861
-4314
-3938
-4289
692
-3380
392
586
-4361
-3991
-3919
-3400
-3353
-3806
-3372
92
-4029
192
-4059
1428
93
191
-3532
607
775
1072
-3458
-3525
-3617
-4131
21
-4818
124
-4135
785
978
-3625
573
-3384
-3347
660
1559
-3341
688
-3595
-3556
532
-3555
755
-4167
794
-3388
-4517
-3424
527
-3401
496
-3845
56
290
309
-3724
403
-3666
308
687
-3829
1148
520
12
-4131
388
-4140
414
-3528
-3576
-4329
630
223
-3851
-3880
-4036
114
77
-3827
403
681
-3575
-3417
-3705
-3891
-4227
-3962
803
113
999
-3530
-3542
353
-3725
-3323
672
-4768
668
-3312
952
209
-4687
150
-3662
1587
748
-3751
396
-3753
-4200
1639
963
796
-3846
-3994
661
1470
-4243
184
526
345
128
1509
452
1460
-3789
-4725
-3586
19
-3727
-3661
-3440
-4396
62
-3724
154
649
-4709
-3386
-3663
-3540
135
386
286
-3760
238
161
1161
185
1024
-3427
-3572
-3823
407
662
366
938
-3394
-4183
-4410
278
-3490
-3530
-4135
50
820
897
-3742
-3833
-3569
-3358
-3393
-4435
-3716
-3465
-4066
6
-3498
1228
-3364
746
-3541
376
526
665
472
-4610
-4023
677
1020
347
804
-4325
