[[155, 132, 394, 354, -103, 113, -344, -52, 98, 395, -9, -590, -594, -398, -447, -497, 168, 23, -534, 290, -249, 67, -3, -77, 347, 20, -539, -117, 208, -412, 290, 576, -488, 125, -372, -537, -48, -121, 342, -368, 159, -433, -461, -356, 572, -102, 568, 184, 75, -585, -474, 49, -460, 492, 370, 215, 29, -30, -115, -516, 584, 169, 585, -170, 514, 175, 550, -537, -195, -273, -212, 137, 484, 74, 36, 321, 222, 508, 42, 386],
[486, 225, -494, 234, -11, -21, 173, 446, -293, 566, 163, -294, 453, 330, -300, 142, -351, -230, 247, -446, 105, -485, 93, -396, -587, -65, -544, -124, 205, -418, 359, -85, -505, 171, -255, -390, 230, -303, 460, -330, 553, 55, -304, 268, 582, -308, -529, 434, -543, -272, -90, -281, -211, 414, 460, -198, 508, 573, -276, -29, 509, -277, -263, 88, 391, 25, -180, -178, 492, 460, -146, -587, -180, 225, 488, 185, 351, -47, -206, 426],
[-412, -100, 117, -285, -125, 202, 30, -335, 496, 512, -423, 268, -207, 270, 372, 529, -390, -349, 330, -404, -237, 465, 96, 239, 340, 353, 354, -382, -519, 415, -36, -79, -7, -412, -507, 206, 282, 485, 441, -21, 202, 55, 418, -183, -246, -34, -59, -565, 371, -47, -286, -581, 223, -379, -246, 405, 375, -45, 211, -16, -447, 525, 325, -416, -333, 388, 350, -97, 205, -360, 133, -349, -149, 123, 498, 561, -509, -136, 29, 203],
[311, -142, 460, -408, -268, -255, -51, 437, -101, 524, -148, 233, 526, -134, 372, 80, -205, 583, -493, 152, 259, 346, -168, 532, 71, 194, -272, 365, -56, -140, -302, 477, 249, 53, -174, -514, 341, -581, 536, 187, -191, -23, 413, -581, -584, 140, 401, 502, 187, 290, -137, 127, -222, 368, -405, 154, -95, 439, -131, 425, 591, 123, 583, 41, -441, -65, 297, -81, 292, 220, -324, 578, -253, -372, -417, 71, -594, -57, -580, 15],
[-395, -522, 463, -168, 145, 489, -534, -435, 345, 368, -383, 275, -300, 211, 522, 132, -353, 487, 557, 212, -471, -286, -380, -184, 191, -506, -584, -159, 551, -537, -289, 270, 173, -594, 335, -318, 546, 406, -77, -65, -262, -285, -47, 168, -285, -225, 7, -412, -533, 27, -59, 33, -504, -172, -158, -138, 555, 313, -478, -296, -285, 325, 582, 138, -2, -251, 419, -198, -169, -358, -545, -260, 492, -549, 434, -330, -460, 193, 398, 92],
[-400, -15, 260, -286, -353, 206, 388, 160, 189, -491, -568, -145, 229, -50, -147, 255, 340, 285, -525, 556, 519, 20, -29, 356, -567, -465, -236, 405, 60, 457, 173, -597, -558, -592, 600, -545, -316, -307, 476, 405, -521, -471, 330, -300, 365, -155, -192, 386, 340, 116, 455, 130, 330, 396, 241, -318, -267, 23, 267, -34, 236, -49, -463, 576, -104, -410, -315, 120, 232, -476, -18, 599, 263, -148, -327, 332, 122, 526, 216, -454],
[82, 517, 59, 282, 487, 337, -100, -6, -187, -66, 390, -306, 247, 323, 296, -341, 244, 17, 504, 548, 233, 413, -569, 276, -248, -9, -247, 505, 198, 577, -313, -72, -260, -235, 109, 301, 119, 250, 98, 158, -253, 17, -43, 250, -37, 408, -222, 64, -326, -297, 535, 225, 570, -360, 116, -311, -210, 113, -248, 536, 559, 445, 566, -95, -151, -193, 586, 418, 356, -457, 45, 187, -334, -471, -96, 220, -458, 312, -10, 334],
[45, 191, -576, 41, 344, 203, 82, -31, 495, 525, -228, 98, 416, 158, -374, -50, 351, 33, -245, 396, -396, -490, 457, -504, 159, -6, 75, 405, -346, 226, -108, -140, 583, 217, 103, -232, 522, 356, -78, 475, -50, -347, -574, 353, -389, -439, 81, -286, 246, -207, 114, 348, -511, 257, -559, 54, 493, 447, 446, 219, -59, -476, 600, -232, 339, -568, 347, 435, 89, -266, -114, -108, 414, 479, -534, -303, 451, -220, 562, -51],
[-251, -569, -140, 38, -384, 299, -31, 338, -206, -491, -14, -431, -380, 152, -348, 300, -459, 149, -275, -521, -88, 113, 282, 382, 437, -598, -128, -302, -552, 452, 573, -134, 378, -157, -284, -381, 448, -302, 274, -317, -44, -335, 231, 600, 26, -240, -28, -587, -201, -127, -372, 161, 381, -289, 96, 278, -359, 77, -267, 355, 50, -215, 119, 30, 295, 241, -448, 551, 464, -121, 452, 461, 538, 105, 49, -111, -237, -248, -20, 299],
[412, -514, 114, 42, -310, -587, -594, -239, 231, 513, 31, 507, 60, -49, -56, -441, -289, -226, -309, -200, -152, 213, -270, 597, 582, 284, 452, -427, -134, 229, -473, 516, 228, -279, -9, -585, -134, 302, 77, 231, 472, -448, -571, -148, -263, -323, 366, -493, 138, -272, 225, 595, 427, -172, 373, -516, 464, 276, 74, 164, -454, -40, -576, -184, 314, -422, -585, -527, -494, -577, -528, -500, 172, 561, 196, -82, -599, 564, -364, -191],
[-13, 509, -389, -95, 532, 516, -71, -369, 239, 503, 261, 331, -168, 0, -325, -413, 79, -225, -52, -288, 65, 212, -484, 156, 122, 395, 459, 367, -489, -573, -146, -380, -409, -328, -208, 84, -549, -417, -316, -14, -31, -234, -351, 357, -533, -15, 437, 210, -342, -183, 212, -272, 309, 482, 374, 546, 423, 570, 76, -48, 191, -142, -25, -312, 134, 535, 413, -501, -244, 553, 450, -500, -461, 593, 282, -37, -400, -145, -430, 595],
[484, 116, -359, 313, -516, -380, 578, -69, 209, -41, 147, 268, 568, 129, 318, 294, -298, -430, 1, -110, -325, -490, -12, -359, 538, -335, 275, 356, 361, 424, -152, -275, -28, 490, -558, 98, -566, -271, -441, -50, -131, 157, -291, -47, 473, 380, 480, -414, -426, 163, -418, 213, 184, 275, 409, -65, -588, -244, -23, 92, 67, -168, 573, -373, -273, -542, -39, -190, 567, 519, 405, -79, -257, 484, 414, -520, -278, 549, -572, 20],
[43, 273, 334, 427, -160, 359, 108, 580, 250, 234, 134, 410, -520, 254, 502, 529, 193, 424, -83, 160, -134, -272, -190, 431, 101, -383, -181, 599, 201, -213, -302, 357, 218, 547, -492, 341, 72, 48, 139, 126, -315, -492, 247, -146, -310, -171, -220, 307, -491, 446, 398, 527, -369, 209, -263, -18, -197, 99, 293, 264, -525, -371, -547, 172, -129, -32, -424, 481, 168, -532, -583, -289, -338, -360, 31, -455, -365, -253, -279, -401],
[116, -423, 537, -345, 74, -64, -540, -571, 413, 363, 41, -517, 598, -572, 283, -173, 507, 109, -438, 316, 553, -433, 57, 3, -81, 47, 216, 545, 224, 342, 137, 440, -143, -543, 583, 414, 153, -372, 169, 221, -368, 514, -462, -319, 171, -289, -565, -346, -384, -77, 340, 469, 158, -504, -497, -309, 266, -224, 546, 532, -217, -493, 501, 127, -63, 144, 416, -175, 566, 314, -32, -502, -503, 190, -473, 489, 147, -427, 190, 311],
[-186, 419, 563, -108, 435, -256, -361, 424, 149, 457, 422, 155, -517, -440, -371, -277, 490, 212, 380, -15, 14, 50, -216, -593, -488, 155, 249, -503, 166, 412, 494, 453, 0, 423, -130, 157, -84, 561, -380, 221, -439, 29, -84, -265, -574, 382, 465, 480, -419, -477, 18, -451, -21, -308, 308, -164, -444, 239, 520, 98, -119, 423, 416, 441, 580, 353, -594, 435, -291, 160, 354, 58, -496, 73, 260, 167, 392, 79, -423, -494],
[-486, 251, -217, 9, 275, -268, -555, -594, -83, -313, -542, 437, 347, 488, 251, 385, 16, 403, -106, -449, -569, 449, 497, -384, 519, -143, -404, -539, -569, 42, -561, 185, -359, -198, -506, -547, -578, 303, -191, 16, 51, -467, 85, -469, 124, 125, 43, -527, 353, -337, 520, -236, 574, -33, -415, -295, -435, 54, 432, -54, -515, 47, 562, 386, -161, 554, -442, 143, -591, -445, 57, -57, -554, 22, -164, -206, 32, -390, -142, -516],
[-443, 226, -275, 291, 164, 517, -254, -5, 232, 181, -210, -221, -591, 490, -359, -579, 452, -175, -67, -7, -35, 56, -169, 12, 451, 549, 374, 361, 599, 21, -232, -260, -401, -422, -281, -593, 292, 290, -578, 32, -243, 531, -47, 365, -524, 387, 459, -109, -53, -449, -153, -205, -307, 331, 436, 311, 156, -512, 383, 25, -215, 288, -513, 84, -265, -339, 293, 324, 104, -228, 358, 517, -32, 598, 518, 156, 341, 448, 195, 380],
[320, 71, 535, -549, 234, 150, 279, -271, -450, 198, 135, 382, -290, 5, 210, 263, -563, 154, -570, 81, -176, 122, -438, 174, -163, -189, 545, 389, -135, -198, -243, -217, 544, 23, -229, -500, 47, 150, 569, 200, 475, -539, 380, -529, 323, -211, 219, -549, -262, 496, 225, 228, -119, 436, -180, -362, 231, -147, 19, -221, -37, 362, -584, -487, -196, 328, 67, 258, -279, 75, -185, -391, 35, 573, -307, 102, 511, -347, -107, -243],
[-20, -366, 241, -579, -457, 584, -355, -224, -91, -464, -153, 481, 151, 262, 135, -597, 416, -219, -129, -281, -90, 335, -59, -165, -48, -22, 435, 467, 104, -384, 384, -560, -448, 599, -591, 256, -247, 91, -460, 91, 401, -373, -10, 380, 159, -301, 200, -579, -344, -420, 428, -245, 125, 585, 167, 481, -238, -412, -335, 364, 555, -135, -457, 44, -459, -417, 59, -131, 139, 136, 229, 116, -214, -377, 179, -456, 181, 60, 521, -488],
[-130, -76, -503, 239, -337, 126, -580, 556, -356, 188, -213, -478, -568, 156, 416, 480, -430, -514, -41, -233, -397, 506, 226, -142, 416, 368, -466, 295, -352, -68, -358, 483, 319, -33, -32, -368, -55, 195, 384, 248, 592, 167, 384, 465, -389, -218, -2, -391, 100, -272, -2, -459, 347, 547, -413, 428, -236, -435, 390, -204, 562, 251, 482, 131, 165, 363, 179, -418, -255, -144, -540, -340, -330, -153, -51, 333, 594, -401, 142, -21],
[490, 205, -166, 115, -321, 249, 230, 22, 568, -357, -263, -448, -165, -571, -240, -323, 232, -435, 236, -89, 520, -311, 385, -454, -392, -116, -32, -407, 374, -118, -62, 299, -223, 103, 94, 65, -54, -53, -225, -423, -153, -364, -417, -252, -401, 45, 44, 379, -479, -131, -74, 91, 544, 337, 595, 440, -53, -391, -168, 281, 551, 334, -589, -540, 18, 455, 43, 581, -12, 218, -87, 83, -42, 211, 411, -287, -478, -44, 513, 50],
[-307, -153, -229, -82, -93, 235, 57, -7, 207, 30, 467, -1, 488, 320, 536, -252, 255, -402, 578, 71, -192, 310, -594, -199, 473, -104, -411, -128, -314, -235, -186, 302, -45, -493, -376, 480, 318, -252, -338, -131, -358, 146, -223, 100, 192, -40, 69, -462, -404, 525, -357, 272, -121, -371, -391, -21, 285, 30, -356, -25, -318, -506, -365, -575, -12, -73, 542, -500, 26, -440, -514, -474, 416, -355, 136, -274, -417, 438, 126, -287],
[-595, -595, 252, 437, 380, 468, -433, 182, -203, -121, -127, -521, 88, -120, -590, -322, -406, 221, -355, -144, -250, 344, 0, -414, 505, -418, 348, -474, -114, -320, 510, -229, -576, -141, -97, -134, 173, -573, 271, -181, -445, -535, 542, -220, 414, 107, -581, -505, -56, -330, -51, 424, -15, 319, 272, -74, -149, -71, 440, 43, 507, -297, 322, -183, 418, 483, -533, 407, -570, 297, 382, 569, -522, 204, -555, 495, -126, 242, -402, -384],
[465, -304, -237, 296, 167, 276, 440, -42, 504, -441, -541, -353, 356, -381, 225, 434, -458, 550, 582, -335, -271, 119, -390, 72, -339, 287, 249, 72, -179, -593, 61, -452, 387, -85, 576, -449, 593, -461, -356, 39, 472, -13, 390, 390, -262, 178, -297, 173, 303, 207, -137, 515, -52, -444, 294, 380, 348, -388, -543, 543, 332, -124, -10, 151, 564, 549, 376, -102, 138, 92, -310, -491, -103, -7, 292, -56, -358, 446, 83, -105],
[239, 387, -525, -332, 243, 107, -371, 404, -597, 499, 404, -94, -406, -281, 553, 228, 318, -31, -368, 343, -145, -266, -319, 415, -184, 600, 271, 251, 192, 593, -264, 402, -258, 56, -441, 289, -255, 166, 163, -199, 255, 138, 587, 553, -467, -139, 308, 142, -3, -369, -353, -177, -53, 165, -37, 435, 524, -75, -469, -390, -289, 143, 131, -40, -156, -477, -367, 517, -540, -375, -332, 35, -51, 32, -466, 439, -92, 191, -466, 296],
[240, -284, 365, -240, -97, 51, -472, 129, -426, -17, 495, 69, -557, -523, -319, -349, -179, -352, -233, 117, -286, 4, -555, -45, -20, 583, 45, 263, -568, 146, 363, -218, 377, -357, 144, 312, 259, 569, -299, 337, 301, 276, -231, 308, 257, 457, -165, -2, 118, 88, -508, -559, -57, 242, -125, 171, -538, 41, -392, 133, 485, -320, -196, -67, 201, 115, 191, 480, -326, 92, 482, -227, -124, 383, -588, 530, 591, 538, 597, -268],
[-125, -364, 322, 400, -588, 432, 80, 523, -71, -53, 509, 492, -553, 176, -321, 454, -441, 152, -463, 92, 571, 398, 205, 120, -377, 532, 569, -313, -494, -369, -466, 277, -536, -89, -325, 279, -383, -184, 46, 405, -418, -62, 128, 545, 355, -150, 158, 411, -223, -232, -265, 185, -118, -175, 256, 96, -27, 496, -183, 349, -38, 200, -441, 195, -27, 247, 286, -265, 498, -552, 73, -423, 442, 495, 225, -378, -358, -176, 167, 42],
[-391, -285, -409, 572, 194, -584, -333, 378, -493, -379, 13, -352, -555, -516, -486, 110, -115, 344, 599, 293, -353, -594, -561, -535, -556, -529, 442, -387, 175, -123, 308, 458, -157, -286, 235, 125, -436, 334, 90, -576, -161, -279, -155, -137, -128, 310, 80, -464, -579, 542, 392, 94, -590, 367, -248, 547, 9, 175, -384, -124, -545, -275, 4, -186, 59, -559, 53, -354, -244, -554, 401, -228, 489, -107, -33, 580, -267, 76, -250, -297],
[554, 443, -535, -194, 363, 424, -447, -561, -151, -336, -240, 509, 236, -451, -235, 180, -460, 159, -233, -20, -592, -224, -466, -326, -470, 299, -190, -264, 92, 128, 196, 171, -274, -590, 450, 344, -460, -147, 479, 162, 505, 478, 195, -350, -523, 315, 84, -41, -573, 402, 155, 294, 298, 155, 315, -223, 127, -306, 497, -286, 69, -12, 63, 156, 224, -355, 306, -13, -418, 47, -597, -437, -216, -541, 494, -542, -213, 20, -568, 49],
[346, -535, -314, -99, -67, 84, -348, 62, 291, 388, 331, -462, -220, 495, -467, -428, -224, -388, -414, 349, -303, -214, -5, 524, 301, -185, 94, 429, 495, -181, 324, 149, 127, 454, -317, 600, 522, -586, -582, 466, 477, 349, -136, 116, 201, 364, -172, -240, 311, 367, -253, 43, -178, 478, 154, -154, 394, 51, -140, 484, -58, -145, 376, 296, 321, 417, 337, 4, -580, -544, 74, 576, -158, 89, 327, -262, -122, 577, -33, -343],
[137, 396, 484, 225, 284, -145, 34, -187, -593, 55, -94, 383, -31, 199, 218, -343, -241, 564, 537, 374, 54, -57, 269, -162, -485, -462, 525, 442, -49, 91, -160, 576, 298, -448, 327, 382, 539, 362, -394, 472, 472, -12, 94, 426, -40, -391, 65, -545, -201, 338, 497, 495, -233, -565, -541, -325, 98, 586, -111, 159, -301, -500, 257, -317, -24, -348, -213, 98, 428, -35, -68, -336, 306, 458, -478, -249, 558, -152, -385, 321],
[478, 405, 542, -112, -158, 550, -445, -23, -97, 274, 188, 412, -456, 135, 285, -236, -178, 149, -149, -71, 0, 523, -459, -371, -357, -289, 350, -339, 525, -104, -314, 17, -534, 311, 361, 540, 494, 195, 215, 418, -542, -522, 32, 5, 111, 231, 582, 525, 420, -499, 440, -570, -429, 197, -156, -9, 77, -390, 218, 501, 226, -297, 261, -569, 545, -380, 533, 556, 224, 498, 263, 478, 297, 216, 364, -203, 363, 30, -342, -419],
[-417, 158, -9, -139, -358, -441, 504, 198, -291, 190, 591, 591, -551, 340, -452, -26, -208, -375, -130, 51, 525, 23, -572, 582, -435, 537, 503, 574, 242, -217, -221, 322, -544, 534, 273, 425, 410, 22, 291, 238, -364, -106, -244, 270, -458, -114, -229, -126, 271, 464, 118, 350, -303, 459, 538, -425, 574, -457, -240, 248, 485, 542, 77, 191, 579, 415, 382, 278, -592, 166, -142, -80, 149, 286, -218, 421, -228, -279, 47, -467],
[278, 244, 456, -524, 333, -350, 104, 237, -309, -321, -60, 358, 202, 495, -397, 428, -262, -148, 350, -12, -351, -499, 313, -364, 292, 524, 155, 217, -233, 330, 6, 176, 389, 271, -49, -119, -14, 305, -599, -189, 545, -473, -582, 260, 275, -326, -388, 413, -239, -104, -486, -64, 447, 83, -406, 499, -177, 240, 86, 374, 248, -484, -528, 337, -467, -344, -139, -523, -78, -270, -357, -28, -383, -483, 395, 542, -423, 232, -32, -281],
[556, -239, 448, 411, 165, -398, 325, 41, -132, 422, -261, -319, -239, 375, 273, -402, 310, -591, 582, 412, 430, 161, -67, -200, 374, 566, -366, 36, -428, -51, 278, 532, 31, 432, 436, 49, -569, 79, -126, 206, 491, -142, -226, -543, -245, -208, -516, 548, -566, 242, -333, -501, -395, 80, 517, -137, 598, 294, 513, -15, -232, -564, 557, 160, 382, -551, 322, -532, 112, -86, -241, 295, 205, 174, 170, 336, 354, 178, -160, -19],
[-85, -297, 548, 520, -295, -345, -46, 311, 37, -371, 337, 592, -543, 40, -184, 428, -174, -511, 556, 583, 167, -279, -246, -18, -390, 524, 428, 404, -569, 312, -177, 376, -340, 68, 542, -221, 143, -99, -59, 545, -427, 515, 255, -429, 191, -233, 245, 390, 392, 326, -352, -165, 432, -118, 272, 557, 30, 67, -373, 310, -576, 43, 513, -144, -383, -340, -171, -538, 306, 131, 390, -573, 388, 573, 36, 593, 176, 274, 74, 154],
[96, -99, 157, 573, -329, -272, 170, 277, -203, -228, 440, 177, 14, 107, 93, -219, 400, -159, -418, 484, -266, -92, 382, 250, 479, -410, 201, 255, -101, 298, 150, -317, 580, -294, -552, 139, 316, -18, -239, -235, -77, 136, -517, 227, 97, -85, -436, -246, 546, -10, 479, 147, -146, -93, -141, -377, 67, 441, -49, 328, -480, -118, 359, -267, 306, -430, -196, 502, -376, 0, -294, -364, 547, 314, -141, -394, -525, 131, -32, 90],
[74, -263, -564, 348, 208, 382, 551, 594, 551, 305, 429, -474, -279, -503, -70, -505, -333, -466, -346, -544, -405, 35, -236, 554, -333, -373, 425, -425, 438, -245, 296, 447, -158, -527, -476, -473, 433, 345, -140, -409, -429, -131, 195, -35, -93, 11, 299, -476, 458, -456, 355, 600, -487, -13, 223, -360, 207, 59, 597, -441, -418, 156, -152, -497, -77, -426, 300, 201, -488, 204, 513, -487, 211, -113, -506, -10, -233, -231, -378, 67],
[-73, 548, -320, 590, 292, -69, 148, 183, 41, 75, -103, 552, 343, 287, 217, 13, -206, -542, 258, 206, 548, 60, -399, 305, -468, -376, -173, 103, 427, 225, 437, 292, -282, 500, -59, -135, -594, 101, 132, 599, -271, -466, -75, -354, -558, 66, -197, 3, -554, 596, -210, 114, 285, 92, -88, 346, -482, 567, 536, -501, -226, -370, 19, 113, 487, -395, -89, -337, -524, 161, -108, 467, -301, -598, 493, -414, -500, 464, 582, 341],
[587, 322, -535, -318, -591, 53, -20, 50, 600, -378, 180, 44, -316, 289, -244, 174, -570, -399, 533, 72, 116, -437, -429, 29, -319, 383, 17, 24, -7, -442, 356, 220, 237, 61, -557, 545, 600, 595, -220, 520, -560, -160, 588, 48, -324, -523, -499, 563, -84, -571, 341, 16, 336, -109, -63, 232, 183, 411, -270, -213, 249, -426, -438, 543, -209, 216, 511, -433, 458, 595, 364, 376, -139, 554, -378, 414, -494, 512, 140, -383],
[-250, 543, -213, 360, -438, -121, 447, 518, -234, -453, 195, -570, -458, -249, -238, -25, -127, 302, -499, 95, 223, 393, 308, -450, 547, 360, 278, -124, 568, -579, -263, 95, -451, 453, 202, 491, -483, -150, -235, -23, -7, 449, -312, -517, 442, -174, -155, 148, 535, -42, -574, -345, -28, -505, -488, -7, -305, -398, 345, 32, 393, 166, 358, -93, 251, -381, -322, 547, 151, -228, -219, -215, 72, -210, 301, -559, -46, 541, -88, -3],
[60, -544, 164, 445, 310, 365, -541, 299, -208, 320, 377, -218, -489, 303, -60, -453, -374, 289, 556, 84, 309, 528, 292, 443, -323, -54, -172, 43, -473, -96, -214, 254, 1, 388, 128, 201, -335, 485, 544, 284, -185, -100, -27, 184, -314, -245, -469, -183, -519, -145, -461, 70, 178, -356, 594, -15, 582, 34, -557, -81, 384, 176, -573, -19, 368, -197, 436, -529, -315, 317, 435, 244, -57, 575, -533, -117, -79, -446, 188, 577],
[70, 323, -395, -594, 398, 188, 292, 400, -36, -512, 65, -299, 86, -432, 69, 494, -298, 573, -114, -23, -344, -145, 476, 489, 380, -462, 455, -167, -331, 184, 600, -299, -2, -298, 314, -163, -163, 182, -115, 85, -170, -30, 34, -311, -557, -181, -306, 493, -32, -583, 448, -538, 586, -599, 204, 249, 409, -281, -189, 145, 492, 71, 469, 239, 355, 305, 29, 360, 172, -541, 520, -45, -38, -120, -43, -30, -216, 509, -233, -11],
[-65, -60, 331, -474, -220, 436, -416, 335, -538, -225, 527, -239, -145, -88, 587, -130, -4, -360, -169, -95, 354, -461, -229, -81, -196, -491, 492, -382, -460, -6, -306, 314, 422, -113, -432, -344, -479, 286, -513, 166, -47, 0, -197, -443, -480, 534, -535, 218, -259, 533, -81, -413, 16, 56, 393, -314, 490, -487, 319, 584, -195, -450, -324, 350, -92, 495, 128, -49, -449, 594, -535, -569, -315, 400, -125, -357, 93, -23, -28, 60],
[-478, -570, 267, -69, -595, 521, 23, -398, -403, 434, 503, 5, -180, -283, 345, 80, -281, -76, -41, 341, 88, -232, 525, -564, -308, -340, -294, -556, -546, 399, -577, -478, 553, 379, 113, -146, 564, -216, 505, -513, -551, -496, -366, -66, -133, -240, -93, -2, -450, -338, 94, 192, -369, 52, 242, -71, 509, -105, 237, 116, 229, -417, 120, 484, 506, -156, 589, -37, -297, -283, 342, 374, -520, 347, -332, -400, 99, 75, -558, 525],
[376, 369, -170, 14, 25, -427, -141, -600, -238, 525, 460, -29, -431, 17, -172, 149, 451, -596, 537, -120, 18, -372, -302, 162, -107, -506, 263, -327, -461, -460, 25, 195, -400, 340, 235, -418, 68, -23, 521, -234, -164, 4, 117, 293, 74, -95, 278, 589, 443, -540, 312, -427, 27, 390, 318, 493, 405, 590, 213, 104, 411, -545, -394, -419, -12, 72, 145, 19, 26, 56, -398, -352, -582, 401, -29, -562, -111, -237, -540, 284],
[-521, 317, 326, -62, 392, 62, 322, -520, -595, 462, -581, -257, 77, 219, 135, -169, -158, -570, 103, 540, 52, -134, -500, 319, 345, -461, -376, 138, -115, 545, -385, 88, -463, -203, -422, -420, -577, -22, 294, 592, -301, -555, 504, -497, 92, 235, -427, -345, 101, 117, 528, 16, -27, 67, -223, -148, 527, -596, -139, 507, 145, -59, 256, -238, -582, -156, -105, 588, -464, 186, 274, -396, 589, -494, 12, -465, -276, 369, 157, -225],
[489, -179, 309, -431, -444, -7, 254, 200, 93, 438, 2, 305, 7, -270, 14, 388, -161, -211, -180, -438, 355, 413, -520, 571, 302, -564, 349, 536, -289, 474, 221, -202, 450, -434, -185, -352, -460, -425, 339, -128, 254, 216, 343, 58, 413, -366, 291, 394, 200, 437, -391, 1, -347, -440, -79, -543, -116, -492, -461, 157, 31, 135, 201, -209, 251, 498, -502, 187, 174, -22, -217, 358, -505, 13, -435, -59, -364, 40, 350, 440],
[133, -317, 62, -243, 384, -340, 423, -393, -202, 272, 292, -409, -150, 389, -329, 291, -249, 265, 194, -277, -390, -297, 3, 301, 77, -491, 236, -247, 589, -272, 408, -455, 87, 469, -528, -14, 176, -266, -107, 175, 555, 11, 74, 53, -185, 214, -423, 598, 457, -14, -20, -126, -361, 154, 130, 136, 581, -25, 376, 155, 343, 346, 330, -550, -339, -133, 207, -327, -342, 341, -347, -190, 85, -210, -560, -391, -352, -150, -59, 525],
[317, -171, 544, -254, -468, -571, -525, 377, 62, -551, 243, -500, -490, -165, 247, -581, -275, -265, -205, 184, -402, 86, -582, 281, -593, 218, -387, 581, -375, -270, -489, -44, -220, 490, -184, -230, 189, -63, -590, 426, -554, 536, 257, 540, -91, -170, 296, -291, -459, -7, 370, 101, -65, -194, 409, 477, -328, -445, 106, -235, 531, -150, -300, -203, 418, -401, -457, -509, 557, 430, -457, -119, -233, -329, -60, 549, -396, -151, 299, 47],
[113, 533, 384, 180, 273, -315, 206, -143, 441, -476, 506, 112, 216, -28, 344, -390, 282, -476, 299, 138, 349, 59, -344, 476, -283, 56, -467, 407, 263, -307, 16, -456, 228, 86, -294, -235, 395, 365, 385, -359, 345, -251, 466, -330, -368, -580, 510, 431, -381, -166, 456, 551, -306, 115, 519, 516, -71, 385, 371, 339, -437, 406, 446, 251, -238, 115, -312, 211, -235, 112, 304, -52, -80, -68, 337, -395, -234, 486, -395, -381],
[58, -407, 406, -582, -77, -43, -555, 129, 0, -99, 213, 462, 160, 451, 59, -292, -401, -297, -325, 350, 254, 339, -552, 559, 488, -426, 103, 484, 546, 78, 64, 519, 165, 531, 87, 580, -527, 553, -70, 36, 322, 464, -247, 572, -390, 137, 342, 419, -304, 171, 381, -358, 324, 381, 376, 346, -422, 131, 121, 360, -527, -81, -23, 196, -54, -186, -589, -141, -186, 190, 506, -151, 182, 588, -304, -188, -463, 194, 309, -85],
[524, 505, -190, -100, 110, 459, -121, -432, -142, -226, -403, 422, 225, 387, -282, 197, -376, -418, -336, -135, -242, 418, -343, 168, 288, -376, -153, -298, 32, 341, -364, 152, 319, 161, 140, 371, -9, 423, 204, -38, 131, 109, 100, -89, -443, 160, 40, -600, -289, 369, -74, 94, -49, 408, -402, -371, -297, 497, 144, -334, -2, -535, 189, 517, -349, 54, 121, 534, -557, 124, -253, -113, -323, -315, 114, -240, 499, -294, 469, -271],
[-513, -421, -157, 262, 521, -598, -556, -567, -313, 432, 117, -1, -146, -509, -25, -155, 378, -34, 196, -446, -214, -111, 164, 141, 261, 594, 493, 14, 86, 501, -350, 385, -45, -117, -422, -136, -298, 42, -456, 190, 32, 86, 225, 360, -31, -387, 415, -128, 326, -312, -339, -553, -375, -104, 185, 215, -423, -174, -359, -118, 428, -133, -303, 116, -267, 322, 326, 419, -555, -170, 267, 79, -347, -209, -480, 164, -291, 491, 273, 7],
[-262, 505, 216, 45, 188, 364, -487, 380, 29, 365, -96, -22, 76, 597, -394, -280, 555, -196, 554, 429, -446, 69, -343, 330, 400, 559, 272, -103, 27, 58, 474, 96, 225, -445, 498, -274, 15, -459, -557, 445, -342, -382, 8, 177, -114, -510, 427, -181, -282, 250, -160, -185, 356, 565, 331, 141, 331, 38, 252, 346, -567, 110, 142, 61, -109, 439, 130, -146, -506, 464, -437, -349, 45, -480, -452, 286, -274, -29, -445, 248],
[272, 255, -482, -207, -345, -379, 459, 229, -155, -163, -193, 313, 531, -409, 522, 544, -426, 221, 63, 591, 212, -195, -501, 242, -264, 356, 213, 276, 110, 36, 62, -473, -190, 252, -302, 164, 278, 49, -9, 295, 225, 322, -95, 448, 396, -437, -16, 32, -342, 367, -262, 544, -76, 585, 371, 493, 225, -593, 314, -217, -433, -66, 542, 592, -163, -422, 410, 59, 93, -49, 293, 230, -595, 386, 43, -541, -205, 553, 256, 516],
[252, 263, 475, -342, 272, -110, 285, 253, -571, 543, 139, 448, 26, -514, 210, 479, 525, -552, -215, -358, 534, -551, -264, 12, 64, 466, 255, -46, -355, -111, 480, -255, -377, -89, -456, -482, 389, -423, -93, -531, -460, 102, -431, 513, 542, -104, 561, 95, 446, 463, -107, 77, -194, -568, -49, -308, 464, 284, -557, -587, -208, -442, -84, -341, 117, 267, -7, -166, 495, 447, -520, -198, 103, -160, -219, -40, -48, -66, 300, 525],
[89, -428, -45, -251, 268, 597, -22, -592, -397, 19, 132, -568, 218, 70, -477, -326, -362, -82, 137, 435, -401, -223, 313, 203, -330, -286, 152, 488, -100, -528, 346, -455, -424, -465, -348, 337, -438, -10, -392, -39, -61, 333, 305, -513, 400, -182, 34, -45, 498, -135, 314, -517, 275, -269, -261, -265, -16, -24, 396, -448, -331, 151, -357, -105, -284, 582, -153, -61, -470, 353, -592, 245, -527, -323, -559, -547, -354, 200, -433, -302],
[-128, -172, 496, -441, 71, 139, 509, 540, 106, 505, -138, 335, 63, 516, -508, -416, -108, 78, 119, -323, -267, 475, -539, 142, 171, -592, 77, 503, -164, -62, 49, -287, -195, 391, 541, 156, 289, 489, -110, -316, -556, -459, -238, 79, -23, 427, 292, -458, 509, 377, -386, -223, 388, 267, -306, 68, -297, 80, 99, 343, 13, 233, -163, 480, -297, 256, -280, 182, -80, 285, -368, -276, -227, -486, -352, -244, -586, 537, 76, 591],
[-340, -370, 88, -571, 456, -213, 281, -231, 424, -108, -372, 113, -190, 427, 370, -44, -597, -432, -186, -211, -45, 297, -347, 136, -497, -51, -94, -41, -6, 42, -399, 581, 460, -442, -449, 19, -66, -315, -34, -278, -158, -52, 47, -176, -366, 197, -310, -496, -232, -590, 106, 345, 371, 66, -437, 473, 498, -246, 77, 132, -543, 79, -69, 113, -208, 257, 338, -107, -189, -120, -185, -206, -578, -112, 568, 523, 148, -435, 55, -376],
[394, 530, 53, 447, 483, 31, -142, -196, 475, -551, -178, 160, -124, -478, 313, -387, -288, 43, -547, -468, -359, 375, -78, -43, 338, 280, 400, -539, 141, 254, 495, 279, -230, 224, -198, 3, -109, -495, -151, -427, 54, 334, -514, -227, -540, -111, 168, 270, -499, -68, -350, -341, 103, -301, 354, -371, 357, -483, 535, 572, -555, 432, -470, 497, -29, 309, -103, 199, 74, 331, 184, -136, -191, 149, -169, -107, -294, 15, -283, -102],
[-499, 38, 564, -141, 448, -412, -516, 597, 64, 382, 485, 318, 139, 403, 200, 332, 45, 189, -88, -257, -140, -17, 216, 587, 230, 222, -115, 355, 592, -511, -475, -328, 345, -191, 127, -374, 329, 281, -551, -543, 413, -158, -435, 502, -238, 600, 211, 77, 51, 289, 199, -88, -459, 425, -332, -13, 165, 259, -274, -29, -137, 205, 567, 38, -36, 315, 57, -216, -289, -259, -208, -522, -229, 92, -156, 361, -389, 264, -242, 135],
[-538, 510, 343, 428, -431, -453, 366, 179, 397, 107, -335, 257, 162, -561, -134, -9, -403, 43, 220, 176, -361, -176, -193, 178, 363, 83, 443, -127, -538, 540, -483, 417, -401, -583, -486, -415, -300, 600, 161, 558, -204, -422, 261, -540, -110, 139, 539, 479, -262, -588, 14, 450, 525, 436, 88, -68, -83, 196, 298, -365, 210, 544, 259, -295, 586, 202, -238, 538, 59, -347, 1, -484, -306, -593, -300, 327, 297, 114, -422, -535],
[-103, 580, -294, -541, 443, 503, -175, 570, 434, -305, -524, 479, 454, 480, -242, 566, -589, -86, 491, 567, 500, 571, 290, -115, 161, -87, -84, -459, 2, -66, -577, 20, -63, -52, 124, -135, 266, -130, 449, 279, 13, -159, -20, 461, 224, 591, -5, -148, -16, -217, 258, 1, 69, -479, -96, 522, -88, 61, 318, -549, -58, 174, 183, -115, -486, 417, -418, -124, -186, -282, -129, -104, -369, 19, 257, 255, -560, -98, -200, 19],
[582, -590, -203, -598, 168, -574, 181, 590, 506, 78, 459, -177, -111, -266, 402, 467, -164, -589, -270, 319, -338, -67, 274, -571, -446, -374, -64, 231, 104, 84, 238, 75, -238, 261, 265, -283, 333, -223, 375, -538, 235, 19, -106, -286, -83, 151, -181, -406, -261, 267, -564, 10, -425, 119, 55, 433, -313, -562, -135, 429, -427, -120, 81, -346, -273, 108, -97, 179, -10, -57, 560, -339, 343, 143, -336, -285, 431, 18, 271, 309],
[-454, -168, -513, -223, 53, 17, -5, -570, 543, -527, -165, 367, 165, 338, 283, 385, 212, -82, 489, -121, 277, 154, -95, 24, 410, 36, 300, -491, -486, 456, -348, 13, 31, -304, 89, -157, 144, 136, -50, 440, -158, 466, 585, -67, 274, -308, 553, 477, 235, 143, -413, 84, -212, 239, 294, -261, 143, -92, -368, -425, 39, 0, -319, 332, -401, -578, -77, -51, -493, -32, -157, -307, 537, 543, 593, -519, 284, -237, -156, -489],
[38, -548, 105, -590, -12, -462, -74, -152, -99, -474, -525, 468, -309, -514, 479, 505, -528, 249, 210, -524, 339, 144, 429, 397, 249, 125, 328, -289, -299, 580, -323, 272, -293, 338, -155, -21, -236, -86, 335, 88, -392, -189, -591, 573, -441, 422, 357, -330, -344, 223, -63, -135, -410, -355, -143, 282, 570, 80, 181, -302, -293, 84, -80, 266, 106, -476, 412, 493, -214, -396, 476, 357, -524, 279, -196, -306, -10, -103, -546, 51],
[-255, -15, 33, 372, 102, -35, -273, -279, 109, 405, 588, -352, 151, 411, -203, 572, 107, -540, -413, 85, -469, 425, 488, -237, -202, -426, -79, 76, 206, -293, 591, 541, -532, -380, -422, 569, 356, 32, 259, -191, 404, -298, -587, -288, 462, 190, -248, -64, 171, -579, 151, -347, 342, -268, 287, -587, 568, 39, -206, -150, -394, -437, 438, 427, -438, -469, 26, 587, -252, 207, 320, 73, 140, 463, 63, 106, 245, 395, 388, 367],
[-349, -354, 33, 161, -572, 101, 455, 199, 577, -578, -570, -490, -364, 101, -132, 535, 100, -73, 179, -476, 435, 165, -463, 1, -104, 27, 403, -520, 436, 324, -396, -314, 238, 537, 203, 19, 458, -240, -512, -420, -65, -303, -152, 0, -367, -554, 309, 530, 91, 127, 280, 214, 104, -195, -211, -32, -130, 547, -497, 500, 271, -40, 417, 133, 282, 493, -308, -201, -86, -573, 186, -344, -477, -110, -114, -271, 141, 97, -25, 378],
[-596, -546, 386, -532, 6, 239, 559, -144, 327, 170, -201, 564, 151, 379, -413, 327, 449, 285, -115, -288, -301, -39, -208, -15, -278, 374, 344, -132, 514, 187, 474, 455, -97, -577, 105, -573, 339, 256, 112, -336, -528, -320, 545, 68, 413, 163, 503, 470, -13, -291, -528, 339, 385, 151, -563, 257, -287, 160, -317, -40, 18, 301, -255, 532, -334, 593, -471, 303, -446, 116, 469, -557, -69, 271, 550, -331, -270, 324, -443, 2],
[600, 118, -585, -439, 18, 117, -536, 50, -307, -283, 151, -133, 156, -211, 415, -279, 249, -269, -107, -347, -118, -333, 319, 444, 467, -11, -39, -95, 381, -379, 482, 540, -508, 31, -16, 531, 274, -432, 501, 49, -590, 358, -218, 487, 181, 128, -333, -589, -49, 256, 322, -583, -85, -68, 136, 533, 263, -243, 327, 568, -241, 104, 135, 140, -434, -146, -372, -425, 194, -178, 505, -404, 259, -399, -149, -322, 227, 373, -409, -112],
[-17, 396, -541, 413, -347, -128, -513, -319, -215, -466, -315, -22, 181, 264, 383, 404, 37, 15, -512, -571, 364, -390, -73, 191, 366, -244, 472, -343, 189, 492, -596, -328, 208, 593, 451, -352, -584, -207, 87, -279, -343, -224, 295, -549, 521, 408, 194, 337, -578, -269, 310, -38, 273, -172, -401, -79, 7, 43, 117, -118, -253, -114, -99, 563, -278, -539, 278, -430, 512, 427, 245, 127, -289, 313, -198, 429, 542, 421, -489, -148],
[260, -320, -157, 104, -385, 350, 307, -240, -37, -466, -61, 269, 431, -460, -176, 346, -153, -264, 337, -580, -265, 271, -181, -260, 459, 570, -284, -459, 458, -174, -571, 533, -544, 63, 189, -90, 262, 9, 485, -57, -74, 536, -541, -477, 506, -269, -196, 55, -293, -96, 355, -161, -361, 256, -581, 411, 194, 575, 573, 582, -534, -134, 77, 41, -430, 56, -224, -91, -296, -274, -568, -268, -354, -423, -103, -215, -196, 41, -477, -51],
[-454, -156, 222, -18, -98, -209, 425, -139, 382, -567, 221, -412, 26, 348, -219, 578, 50, -142, -291, 39, 30, -597, 385, -3, 536, 341, -374, -114, -462, -447, -158, -359, 6, 564, -279, 129, -108, 368, 487, -118, 462, -255, 549, -453, -271, 290, -22, 361, -132, -382, -13, -220, -550, 488, -147, 330, 342, -584, 158, -149, 333, -255, 427, -463, 88, -37, -393, 77, 577, 119, 434, -449, 211, -34, 600, 27, 598, -583, 134, -362],
[-326, 239, 478, -264, -227, 218, -145, 118, 364, -566, 418, -324, -537, -519, 498, 105, 249, -492, -191, -172, -427, -463, -257, -598, 86, 232, -487, -121, 96, 132, 205, 99, 594, 311, 3, 317, 72, 51, 504, 396, 598, 356, 345, -219, -333, 274, -111, 25, 237, -580, 450, 254, -550, 163, -61, -227, 401, 267, 160, 374, 261, 108, -503, 135, -350, -50, 260, -569, 472, 260, -381, -574, 348, -407, 371, -443, -323, -101, -313, -509],
[-70, 392, -481, 315, -20, -99, -322, 295, 132, 1, -232, -297, 240, 213, -232, -591, 60, 12, -399, 441, -573, -531, 411, -129, 115, 545, -80, -271, 160, -14, 292, 1, -341, -191, -565, 85, -406, 107, -252, 560, -49, -116, -368, -87, -48, 183, 251, -114, -22, -306, -37, 48, -283, 462, -461, -327, 513, -509, 298, 281, 461, -546, -453, -55, 182, -116, 351, 458, 302, 544, 157, -389, -287, 470, 70, 587, 44, 178, -159, -168],
[50, 455, -214, 132, 406, 337, 83, -103, -489, -307, -565, 182, -472, -466, 226, -234, -492, 2, -527, 70, -330, 137, 537, 267, 70, 498, 211, -394, -524, -218, 28, 505, 467, -33, -276, 161, 467, -521, -450, -353, -424, 356, -93, -227, -511, -318, -390, -506, 433, -519, 44, -50, 251, -243, -528, -473, 256, -557, 134, 87, 154, -556, 558, -232, -52, -388, -180, -303, -433, 284, -509, 592, -261, -548, 224, 370, 126, 492, 0, 186],
[-341, -481, 214, -352, 6, 428, 301, -83, 536, 423, -453, -293, 330, 20, 422, 431, 151, -259, 422, -142, 223, 271, 167, 354, 116, -469, -263, 431, -106, 381, -456, 525, -47, -176, 217, -195, -16, 122, -582, -563, 193, -202, -115, -224, -20, 230, -191, 424, -21, -580, -70, -398, -354, 434, -54, -351, -552, -43, 14, 102, -306, -71, 5, 535, 235, -443, -25, -441, -504, -300, -332, -539, 240, 327, 530, -533, 132, 585, -430, 505],
[474, -462, 585, -296, -450, 87, -218, -145, -540, -233, 426, 344, -552, 463, -77, -180, -480, -229, -284, -296, 287, 159, -60, -599, -41, -582, 519, 114, 509, -24, 514, 78, -524, -477, -158, 516, 490, 362, 212, 593, 220, -433, 447, -228, 32, 262, -295, -240, -401, -308, -409, -236, -319, 120, -288, 414, 312, -486, 158, 330, -379, -521, 344, 3, -194, -492, -125, 13, 109, -296, 14, -406, -284, -367, -471, 578, 165, -281, -314, -268],
[166, 523, 146, -361, -426, -308, -352, 57, -143, 97, 225, -177, -279, 130, 388, 595, 237, 181, 530, 418, 374, 513, 539, -100, -505, -221, -407, -130, -151, 101, 260, -583, 66, -146, -191, 394, 492, 176, 469, 111, 581, -550, 408, 2, -50, -94, -242, 221, 518, 83, 397, 419, -459, 24, 578, -16, -528, -596, 381, 313, -38, 387, 316, -131, -109, 27, -328, 52, 6, 542, -442, 116, 207, -247, 338, -167, 276, -287, -404, -446]]