-57
8
74
-49
96
115
135
49
68
115
-5
-36
-84
35
-23
70
108
35
106
-28
109
-6
42
82
55
44
-13
-3
-7
30
-29
-153
-12
102
5
9
65
152
16
77
-2
-33
127
74
103
-120
37
-51
57
54
9
-53
94
3
-45
69
-16
59
42
59
38
-24
33
-53
35
-71
4
-93
-15
-5
-66
-20
-143
13
99
-23
94
132
-24
51
74
-220
-52
140
59
8
-19
49
24
46
-64
-18
-99
84
44
89
73
-97
81
30
-27
-32
91
-40
142
41
-54
-28
52
5
-16
38
55
-66
3
-40
-24
-142
73
-32
92
-1
110
92
-3
33
-68
-29
94
66
-42
155
-24
35
-61
6
20
-158
-9
11
-60
27
-105
68
-93
52
-69
-50
43
87
-52
-120
-3
0
-77
-71
16
29
7
39
93
100
6
82
-11
71
-18
-11
-94
164
9
-33
-32
-16
-105
-41
20
-35
36
84
2
-17
92
-50
-46
-72
29
-107
20
20
72
63
30
-17
11
-187
-37
-7
-83
14
-96
59
63
28
-6
-82
5
-17
28
-69
-65
18
7
-149
6
-56
73
9
-49
51
-53
89
19
33
176
131
43
-57
-8
-88
136
119
17
57
-52
3
73
207
-152
37
96
-67
4
38
-44
17
8
-43
84
92
81
-61
-20
-3
69
77
67
95
112
55
55
-19
-13
31
-24
119
-179
138
-57
31
-93
88
-1
-6
-30
76
74
100
70
18
-32
37
-78
-102
129
-89
-118
9
-103
-44
-38
21
23
-58
5
-85
8
8
114
-23
28
13
-63
-29
54
-44
92
101
-68
-146
-194
-99
-56
52
-54
-71
113
5
-36
-4
6
-6
85
-87
130
128
128
-44
4
26
5
-16
123
85
-25
-57
81
85
-70
140
12
140
-56
-115
-23
-37
-84
-25
99
-70
68
-10
11
91
56
110
-75
-67
63
51
-63
19
-46
-9
-15
21
-44
-28
3
45
-64
-11
-78
76
-52
62
27
-5
-73
-119
50
25
26
-11
41
57
121
56
25
39
-90
15
-79
-64
71
-74
101
-31
29
2
-79
41
-36
-32
136
-43
13
29
-22
-111
38
-54
-16
41
-71
64
24
-55
-4
-181
98
31
75
43
-54
18
23
-99
-108
-66
46
97
74
-102
-68
-13
104
0
35
65
131
-48
98
1
-23
-13
-60
-41
-89
20
73
-84
-17
-33
-138
-178
-12
93
70
89
63
10
-24
-102
-1
84
-20
25
-24
37
169
-9
151
-13
34
13
-5
-86
-87
-19
-32
123
-122
18
-77
-33
-26
47
-17
-15
17
17
-21
-10
95
46
96
-19
14
-41
89
-19
-66
-3
-57
124
158
98
11
26
103
8
83
-68
-115
-26
-123
71
-67
-84
-7
36
-49
150
160
-16
-16
109
70
118
-21
-42
40
59
24
45
-7
-12
74
95
-53
4
90
11
-31
114
-161
63
-86
-10
-27
17
26
124
2
-27
-10
-147
5
76
11
180
32
21
63
-58
44
73
28
-71
-9
-29
-13
32
80
-39
171
-44
-27
-15
-101
9
128
-51
-1
22
27
69
89
-120
80
60
-20
36
86
25
-96
65
-33
-37
108
-2
66
83
104
-39
-69
130
43
-13
34
-28
66
-28
104
25
-1
-80
34
1
-15
13
7
56
47
12
-60
55
-82
-2
100
-102
89
-66
7
12
-36
97
6
188
84
142
79
68
-61
91
-138
-42
66
26
197
38
-50
36
0
-53
65
-98
17
122
43
7
76
-10
-6
101
33
45
205
132
23
-58
-123
-67
141
-68
-57
16
-5
15
12
-68
162
-7
11
123
72
85
23
67
-59
31
69
-51
120
-119
-18
123
-71
35
-25
-52
-18
57
-78
56
-81
-32
-4
-44
-67
-68
-2
32
48
57
-75
37
85
-38
-18
-15
-93
-79
-21
37
-8
-35
-50
44
28
13
5
102
26
7
35
-10
-160
22
-113
-143
74
69
113
-2
-97
59
-187
-34
-10
106
152
81
-44
110
14
-56
97
-134
-33
37
-27
-78
-7
4
64
-1
2
182
-9
101
-7
76
47
54
-31
-171
28
-82
101
133
34
18
33
-55
14
105
47
-25
-19
90
-90
44
86
-35
-11
6
58
-33
-23
5
-16
62
91
-138
15
56
-183
49
135
-67
-18
-37
-40
-33
-60
-41
64
181
-36
39
24
26
1
-22
47
100
17
-3
-88
2
-17
154
116
10
-65
25
-77
-27
-8
124
-18
98
39
-51
42
30
-5
-69
3
-54
6
-55
-114
-102
-169
-62
100
9
-40
-94
-71
-8
-109
-26
26
-17
48
40
3
8
15
10
-54
-64
42
-46
-14
57
-43
211
21
10
15
9
27
-52
104
-35
34
-20
-139
1
-7
-59
-15
113
-18
67
-92
6
-14
34
-167
27
23
-49
141
-140
68
-43
3
46
48
-73
2
13
30
-12
-5
24
-137
-18
93
-62
-46
93
115
82
41
-46
86
-136
-67
11
79
24
-30
-12
-4
-47
45
-20
92
17
-112
-18
51
42
3
78
21
94
7
112
5
49
16
-9
-50
54
8
-181
-39
-58
-147
90
18
43
-38
-73
75
44
159
35
-26
55
-37
-58
-163
39
-100
38
92
-86
-29
55
10
1
-7
133
-72
-125
47
-30
-113
-10
-128
58
-54
