-15
2
-22
57
15
-18
4
64
2
44
3
-13
-49
26
21
10
87
11
20
-18
39
-39
52
3
43
-53
-36
-14
-71
31
6
28
60
111
40
-18
29
-36
-39
-10
31
13
-53
40
-18
22
-49
18
40
-19
3
21
0
-20
-11
8
-5
-66
48
76
-11
23
-4
40
-28
-62
26
-15
-26
-1
54
141
-17
-9
78
19
55
22
-29
5
-35
-32
-8
40
-32
-2
18
70
-71
-18
20
5
8
8
-28
-13
5
-9
-1
6
-49
-7
97
11
28
-42
-50
-1
-44
48
40
21
69
-21
-3
52
2
39
26
63
52
-32
57
26
54
58
-35
46
50
54
34
65
54
-38
-11
-21
-32
-70
20
-12
-5
40
-5
23
-3
37
26
15
55
-21
-10
8
16
45
36
66
-34
68
-5
4
39
23
-7
-26
-9
75
8
-48
31
-13
-2
24
-6
-19
-18
2
-9
-17
60
-67
37
-14
66
-39
29
-33
60
-1
-36
-5
2
-10
69
33
-28
-10
48
59
-44
-71
1
-4
16
2
60
-10
0
-50
-21
-9
8
-12
27
-34
41
-60
-3
50
42
-40
-10
36
17
30
64
12
-6
27
6
34
-27
-27
-9
3
36
82
50
39
-38
44
27
24
-37
23
-7
62
17
23
22
3
5
30
43
51
31
-7
66
15
47
30
48
6
20
0
-15
25
3
13
10
30
-68
-12
-5
7
21
37
47
65
-71
-7
-4
12
45
16
37
-35
19
24
-2
79
7
4
39
-23
63
-6
22
-29
45
1
28
-6
-12
-61
-17
70
7
15
-28
-44
84
25
12
-27
-29
3
-19
-25
-26
8
8
3
-3
-15
35
40
75
-7
-23
40
-48
-28
11
44
-36
77
-23
-14
1
67
-23
4
-19
15
-81
26
53
-31
29
48
-34
41
59
-23
17
8
-53
61
0
74
26
-13
22
-18
8
18
11
-4
39
84
-35
52
10
11
-2
-3
-19
-20
18
-13
17
-29
-47
-34
-35
-42
55
24
-15
29
58
24
4
10
32
-50
19
-13
-6
20
29
-13
-17
20
15
69
27
-30
9
-16
-13
2
-7
-40
15
12
31
31
-21
-36
32
-5
0
15
10
68
-22
-5
-48
35
20
-14
7
-27
-1
-89
41
-17
49
1
8
43
-17
-5
-40
-43
-15
13
-3
44
54
-29
12
-29
4
-48
6
30
-3
-4
-15
-13
5
-28
-11
22
23
-35
-16
64
64
29
-36
-16
-46
10
74
-36
25
32
-62
46
7
16
25
-98
-47
-16
21
47
8
0
36
27
3
-8
22
-48
20
37
51
-21
-23
54
-4
-18
-31
72
20
-62
-29
-16
-44
-91
21
5
-27
48
46
-56
12
41
-26
-8
-23
4
9
-3
-42
26
16
99
-24
27
-14
-51
40
13
33
-40
37
-25
14
-23
-26
-1
-22
-45
27
-25
-24
-18
35
6
35
64
-37
-27
-10
33
-6
53
-26
-15
-24
-37
112
-2
19
-45
33
-39
-41
21
48
60
-6
56
-19
2
-3
32
32
-7
89
-19
53
69
5
53
-53
24
-20
12
32
-17
12
44
-54
-33
-30
-8
14
49
-4
8
-45
77
49
-34
-17
-11
0
-16
6
32
48
-96
13
36
39
-38
15
15
-45
2
25
4
-11
-8
18
5
70
-19
5
-12
13
45
17
13
53
6
35
17
17
60
-2
24
-49
-32
106
-2
38
-9
21
99
66
-37
-7
-5
25
20
1
47
-53
92
-7
-10
73
50
19
-81
-22
-44
10
-62
-53
-48
27
30
-18
6
33
2
22
-27
19
-38
4
-53
15
31
38
-56
-46
-15
1
63
27
94
-28
37
14
3
-46
73
-27
18
-10
9
-66
-47
42
2
48
56
11
-23
38
7
-19
34
3
4
62
-16
19
87
-2
-56
31
17
54
51
-9
-49
-21
-56
-22
26
31
18
18
-77
-11
11
40
17
-76
38
16
18
-18
-13
-3
10
67
16
-5
10
-45
-41
-16
-2
45
-12
20
34
-36
-25
-17
23
-36
11
70
33
14
-21
18
19
3
17
4
5
43
35
14
17
45
64
34
11
-30
5
-12
-58
7
-34
-31
-71
-2
-5
-21
-14
16
-6
11
36
-39
47
68
70
-92
-12
24
54
-73
15
-26
1
-55
1
-26
-36
-32
-4
-14
9
-8
-44
-74
61
-65
-36
-9
-3
-51
32
29
10
47
5
-35
46
33
23
6
15
37
19
-13
29
50
55
21
8
66
26
24
39
-32
-45
19
-10
3
-1
-17
-3
-4
36
25
-2
-10
0
58
18
4
-25
21
-53
-48
25
23
4
7
-30
6
6
1
55
-2
-20
47
64
-15
42
-51
-50
63
11
8
30
-5
55
2
-37
22
-36
72
-81
15
32
82
86
10
28
-39
27
1
49
53
48
-19
11
61
-31
-23
43
6
6
78
5
34
64
14
1
122
-9
61
27
-5
-9
-33
5
10
-80
11
-35
31
-1
60
65
-7
4
-34
10
34
8
-5
-15
11
18
-60
22
45
6
-24
-15
58
54
42
81
-36
-22
-24
51
-24
61
-12
49
-10
46
17
32
-5
9
2
9
23
60
-2
38
4
-41
-18
85
27
42
-17
6
-26
