[[287, -228, -425, 44, -478, 594, -86, -590, -139, -276, -90, 594, -410, -97, 296, 526, -248, -398, -243, 243, 431, 444, -599, 388, 60, 131, -567, 45, -152, -530, 120, -561, 575, -439, -316, 515, 575, -153, -163, -581, -237, 344, 1, -568, -388, -567, -11, 133, -406, 92, 148, 446, 60, -396, 586, 239, 254, 194, 175, 328, -192, 305, -359, -512, 263, -92, -356, 264, 226, -464, 315, -101, 424, 45, -579, 303, 129, 76, 146, 274],
[-349, -56, -342, -13, -243, 198, 161, 157, 50, 341, -52, -187, -274, -449, 306, 411, 487, -328, 463, -118, 553, -212, 261, -24, -15, -574, 426, 129, -554, 386, 10, -35, -123, 114, 93, 415, -152, 318, 281, -129, -287, 32, -131, 552, -12, -160, 58, 185, -184, 240, 201, -31, -7, -507, -219, 317, -405, 570, -162, 532, -150, -207, -429, -98, -220, -63, 582, -341, 201, 151, 81, 84, -404, -218, -495, 555, 273, -452, 270, 102],
[-5, -592, 65, 346, -254, 325, 587, -11, -391, 278, -486, -191, 37, 118, -99, -431, 240, 169, 243, -539, -71, 255, 570, 379, -331, 449, -584, 532, -551, -76, -253, 338, 115, -408, -304, -240, -176, -111, -478, 129, -433, 161, 87, 70, -491, -547, -452, 150, 321, 212, -454, 279, -49, -441, 412, -415, -597, -150, 235, 85, -351, -170, -227, -292, -424, 100, 405, -180, -150, -388, 185, -454, -412, -512, 229, 462, 54, -196, 192, -166],
[-492, 33, -190, -360, 518, 169, -383, 313, 18, 369, -117, -62, 40, 574, 155, 535, -494, -432, -275, -328, -38, -312, 142, -403, 243, 66, -491, -233, -420, 40, 125, -314, -198, -600, 572, -597, -60, 339, 544, 261, -267, -11, 196, -49, 204, 411, -212, -51, 553, 587, -236, 286, 125, 525, 587, -588, 261, 239, 583, -223, -6, -2, 35, 201, -555, 210, -147, -381, -322, 425, -55, -51, 333, 1, 9, 325, 343, 288, 85, 510],
[-406, 151, -584, -480, 79, 195, -386, 244, 53, -99, -260, -59, -35, -443, 151, -539, -92, 265, -110, 174, -369, 276, 281, 127, 67, 11, 325, 367, -481, -265, -90, -335, 6, 312, 154, -376, -541, -377, 413, 22, 554, 285, 595, -34, 302, 500, -544, -81, 515, 239, 594, 494, 298, 564, -48, 553, 169, -250, -173, 584, 499, -506, -204, 468, -239, -488, 76, -587, -166, -495, 444, -252, -547, -56, -502, 59, -317, 461, -488, 595],
[-178, 309, 561, 376, 181, -406, 481, -99, 200, -147, 117, 312, -313, -436, -552, -538, -1, -585, -86, 564, -479, 199, 464, -402, -330, 346, -282, -144, 73, 186, -148, -424, -323, 287, -12, 530, -497, 368, -283, -73, -341, 372, -228, -558, 1, 308, -8, -63, -464, 322, -290, 592, 276, 63, -270, -72, -140, -21, -378, -322, 36, -439, -356, 392, -559, 354, 36, 312, -130, -574, -163, 461, 6, -526, 31, -498, -205, 458, 26, -225],
[-396, -124, -84, -16, -211, 6, 116, 81, 222, 336, -316, 172, 359, 537, 515, -504, -564, 33, 455, -473, -220, -64, 318, 551, 321, -147, -556, -323, -402, -404, -377, 107, 524, -473, -266, 230, -555, -578, -220, 254, 444, 310, -215, -64, -308, 398, 496, 276, 269, -129, -291, -395, 203, -141, 211, 178, 456, -480, -442, -149, 532, -48, -336, 571, -245, 182, 468, -96, -536, 238, 397, -263, 194, -562, -21, -230, 425, 180, 536, 495],
[-140, -112, -476, -169, -290, -513, -224, -432, 303, 244, 387, -394, 498, 465, -396, 112, 180, -582, -54, 367, -155, -157, -320, 202, -238, 458, 131, -493, 158, -41, 429, -163, 122, 432, 54, -330, -354, 337, -214, -116, -429, 109, 247, -377, -339, 102, -80, -36, -315, -336, -264, -23, -518, 481, 427, -291, 30, -69, 496, -407, 175, 36, -358, 466, 380, 386, -476, 526, -382, 568, 48, -277, -72, 73, -548, 49, 322, 91, -49, 150],
[41, -96, 300, -68, -421, -99, 435, 34, -359, 51, -580, 322, -137, -499, 133, 480, -56, 175, -588, -115, -104, -76, -563, -377, -340, 448, -505, -74, 362, 180, 183, 115, 127, 577, 322, 344, -429, 329, -283, 320, -239, 504, -430, 480, -372, 335, -138, -424, 542, -116, 551, 136, -492, 512, 215, 566, 238, 369, 188, -28, 387, 580, 541, 221, -505, -206, 525, 415, -460, 131, 63, 406, 126, 211, -175, 565, -87, 261, 341, 442],
[498, 20, 457, -160, -315, -206, 287, 515, -365, -323, -47, 288, -510, -293, -233, -272, 481, -58, -536, 309, 283, -208, -80, -345, 506, -366, 410, -492, 427, -529, -164, -325, 443, -30, 540, 16, 147, 548, 255, -343, -5, -296, -519, 559, 359, 87, 51, -148, 379, -552, 151, -402, -302, 353, -434, -299, -207, 219, 175, -323, 21, 498, -155, -492, 546, -575, 458, -286, 460, -412, 350, -499, -479, 143, 76, 546, 311, -474, -291, -350],
[65, -52, -511, -161, 343, -380, -480, 278, -22, 400, -203, -70, 189, -1, 36, 439, -332, 503, -598, -187, -188, 486, 385, 264, -112, 544, -484, 513, 209, 507, -569, -210, 130, 469, -479, 293, -500, -370, 227, 95, -70, 67, -478, 24, -491, -489, 580, -184, -399, -553, 397, 288, -568, 313, -222, -576, 479, 304, 46, 179, 183, 421, 53, -434, -325, 25, 373, -580, 326, -353, 236, -25, -173, -498, -1, 72, 273, 420, 569, -474],
[377, -121, -320, -189, 538, 491, 102, -292, 274, -17, -12, 154, -518, 496, -488, -179, -398, -78, -1, 44, 598, -68, -151, 234, 137, -30, -360, -169, 539, -379, 518, 308, 158, 155, -182, 356, -416, -590, -192, -64, -288, 236, -454, 1, 377, 217, -23, -160, 506, -36, -334, 100, -571, 130, -57, 86, 310, -104, -527, -252, -560, 68, 188, -565, -255, 402, 409, -518, 488, 547, -265, 519, -143, -350, 451, -181, -15, -419, 227, -80],
[9, -156, 118, -528, 235, 284, 303, 172, 131, 499, -359, 367, 556, 460, -484, 426, 12, 19, 2, 384, -443, 335, -155, 206, 0, 213, -311, 26, 303, 509, -433, 137, -86, -113, -313, 142, 1, 262, 583, -574, 23, -217, 74, 354, 394, 544, -121, -60, -414, 546, 496, 407, 140, 516, 37, -200, 517, 417, 133, -301, -542, -516, -123, 338, -13, -257, 358, 373, -155, 198, 486, 231, -180, 81, 464, 347, 357, 481, -584, -207],
[-496, -477, 148, 278, 324, -340, -236, 189, 184, 322, -6, -41, 596, -75, 76, 259, -229, 508, 412, -569, -83, -225, 144, -523, -494, -424, 14, 290, 313, 337, -158, -366, 260, -424, -455, -516, 31, -215, -37, 168, -47, 37, 26, 336, -98, 463, -595, 137, 525, 269, 352, 397, -435, 547, 96, 209, -591, -561, -411, 510, 595, 470, 84, -80, 389, -258, -382, -139, -408, -501, 584, -447, 199, 421, 156, 299, -111, 371, 408, -213],
[51, 70, 429, 361, 574, 71, 42, 377, -103, -537, -131, -436, -399, -331, 526, 66, 409, -188, -371, 442, 401, -552, -223, -586, -530, 552, -498, 40, 465, -281, -563, -30, -338, -582, -197, 530, -85, -290, -297, 446, 97, 155, -294, 297, 223, 96, -565, 237, -545, 133, 52, 72, -225, -104, -37, 130, -275, 294, 448, -41, 345, 337, -142, 50, -156, 39, -130, -107, 50, -384, -387, -388, 169, -563, -304, -365, -541, 154, 41, -22],
[102, 212, -12, 366, 221, -297, -290, 380, 136, -93, -95, 507, -94, 595, 356, 555, 73, 426, 383, -238, -485, -563, -571, -333, 343, -433, 497, -246, 190, -35, 576, 349, -57, 241, 199, 430, -251, -315, 84, -438, 55, -242, -427, -314, 143, -518, 197, 130, -325, 421, 452, -93, 95, 364, 70, 36, 131, 112, 487, -167, 261, 504, -256, 263, -104, 545, 599, 414, 105, -591, 74, 42, -331, -14, -469, -258, 500, -377, -342, -40],
[225, 319, -28, -585, 367, 351, -373, 512, -170, -432, -238, 486, 88, -587, -560, 440, -154, -452, 541, -581, -332, 137, -280, 459, -435, 202, 138, -187, -140, -446, -444, -275, 554, 245, -76, 33, 330, 289, 73, 475, -221, -530, 169, -329, -135, -102, 197, -467, -239, -211, -384, -347, 227, -544, -383, -70, -358, -412, 502, -594, 511, -229, -579, 87, 202, -577, -313, -418, 215, 16, 177, -135, 540, 333, 580, -491, 57, -593, -25, -549],
[260, 369, -468, 411, -563, -337, -268, 370, 82, 359, 545, -505, 273, -488, 85, 174, 478, -362, -216, -468, 444, -326, -452, 585, -139, -532, -264, -169, -538, 90, 176, 103, -432, -18, 548, 301, -146, 449, 237, 197, -40, 591, -521, 574, -424, 530, -517, 529, -225, 548, 88, 578, -461, 107, 392, -342, 346, 135, 226, 565, 39, -11, -173, 68, 132, 436, -468, -314, 346, 443, 388, -426, 223, -503, -88, 558, -138, -19, 95, 286],
[340, -405, -493, -11, -457, 318, 366, 262, 63, -489, 341, -348, -313, -504, 201, -569, -361, -438, -285, 392, -368, -340, -419, -155, -55, 403, -400, 78, 169, 221, 188, 12, 388, -228, -157, 155, 101, -83, 120, -157, -147, -65, -544, 344, -104, 116, -381, 478, -459, -572, -562, -43, -151, -301, -510, 369, -552, -504, 564, 416, 515, 457, 391, 454, 236, 265, -547, 574, -502, 71, 319, -21, 232, -554, -107, -140, -36, 136, -547, 154],
[39, 323, 68, -447, 155, 521, 573, -571, -39, -107, -435, 145, -378, 55, 566, -329, -574, 308, -338, -517, -408, 362, 468, 52, -542, 15, -108, 357, -550, 409, -6, 543, -381, -443, 338, -136, 104, 305, -414, 101, -317, 561, -21, 312, 211, -338, 8, 188, -164, -534, 557, 426, 103, 411, 44, 31, 323, 507, -579, -30, 478, 205, -452, -307, -255, 289, -140, -533, -566, -78, 310, -332, -585, -67, 43, 515, 57, -167, -12, -576],
[-166, 277, 413, -67, -112, -266, -316, 390, 185, -491, 260, -47, 447, -7, 111, 265, -483, -426, 586, -174, 411, 236, -58, -309, -541, -508, -381, 68, 282, 562, -29, 407, 209, -58, 474, 509, 591, 445, 103, -487, -63, -206, -4, 195, 301, -483, -314, 225, 490, 561, -481, -565, 422, -198, 494, -220, 142, 3, -471, -492, 416, 129, -484, -415, -449, 302, -409, -264, 394, 441, -72, -43, -278, -38, -326, 73, 171, -24, 577, 238],
[-140, -98, 539, -413, 245, 253, -333, -15, 119, 103, -50, 534, -48, -510, 443, 419, -156, -334, 296, 580, -223, -6, 328, 181, 504, -211, 98, -349, -182, 176, -32, -68, 460, -57, -10, 600, -579, -458, 361, 282, 203, 81, 484, -406, -393, 158, -471, -378, -428, 489, -543, 16, -340, -404, -559, -528, 277, 103, 243, 361, 218, -448, 102, -484, -103, 537, -306, -309, 340, 303, 60, -185, -69, -437, 584, 187, 89, 292, -154, -357],
[-483, -521, -423, -119, 462, 207, 366, -130, 85, -403, 230, 82, -88, 22, 99, 586, 380, 570, 150, 89, 127, -156, 155, 144, 94, -130, -159, -477, -423, 397, -446, 255, 550, -177, -402, 56, 128, 35, -600, -312, -455, 0, -120, -203, -487, -218, 148, 18, 423, -317, -67, 414, 598, 87, 201, 561, 442, -527, 188, -181, 275, 478, -418, 9, 381, -443, -194, 567, 425, 538, 224, -359, 176, -232, -281, 110, -253, -552, -532, -583],
[-152, -64, -417, 2, 162, -593, 81, -13, 85, -248, -531, 151, 234, -149, 52, 320, 93, -390, -88, -4, -598, -515, -31, -385, 77, -412, -193, 521, 448, -397, 207, 153, 501, 173, -50, 199, 268, 303, -197, 344, 187, -56, -122, -108, 170, -590, 582, 73, -288, 446, -170, 123, -338, -499, -452, 228, -143, -155, 571, -306, -100, -19, -540, -373, 314, 334, 482, 497, 100, -5, 348, 495, -317, 556, 84, -583, 414, -268, 35, -218],
[-555, 203, 205, 89, 125, 501, -251, 354, -339, 216, 32, -361, 435, 385, -248, -495, 462, 64, -66, 9, -59, -25, -15, 464, -186, 446, -214, -383, -599, 264, -8, 62, -19, -472, 439, 422, 12, -572, -168, -101, -398, -414, -475, 361, -71, 591, 275, -337, -452, 252, 351, -581, -385, 531, -79, 302, -21, -550, -481, -392, 548, -18, -210, -378, 213, 600, 456, 297, -306, 509, -212, 570, 141, -492, -352, 426, -387, 473, -91, -107],
[-550, -224, 81, 363, -150, -533, -472, 436, -162, -599, -105, 306, 414, 505, 535, -317, -112, 341, 203, -122, -350, -165, 274, 375, -484, 403, -233, 286, 75, 534, 282, -139, 39, -282, 414, 271, 155, 297, -85, 539, 107, 362, 586, 324, -563, 218, 584, 66, -313, -257, 554, -103, 225, 45, -65, -406, 68, -480, -431, 433, 494, 461, 77, 451, -455, 456, -436, 10, 498, -182, -314, 572, -490, -327, 512, 493, -74, -516, 6, 549],
[55, 91, 535, 384, 398, 305, 498, 354, -429, 415, 205, -594, -176, -35, -270, 460, -575, 498, -89, -52, 522, 463, 232, -90, -74, -252, -328, 280, -585, 118, -597, -223, 73, -324, 329, 300, 20, 576, 213, -531, 134, -565, 478, -293, 551, 49, 80, -15, 31, 403, 42, -581, 335, 384, -178, -210, -231, -351, 534, 548, 330, -555, 451, -166, 479, -281, -580, -117, -455, -98, 549, 547, -312, -164, -455, -292, -425, -149, 269, -448],
[-436, 154, -18, -417, -372, 9, 202, 409, -511, 364, -547, -552, 29, -42, -305, 368, 192, -482, -390, -193, 126, 228, 535, 370, 383, 549, 175, 170, -572, 383, -115, -46, 245, 581, 497, 257, 3, -149, -251, -107, 342, 234, -355, 58, 584, 148, -382, -447, 170, -191, -192, -305, -25, 520, 117, -362, 71, -26, 356, 266, 349, -231, 22, 110, -399, 211, -232, 526, 387, -300, 541, 379, -389, 85, 27, -278, -373, -29, 555, -28],
[57, 9, 495, 297, 560, -418, 258, 242, -36, -390, 487, 339, -180, 338, 600, 183, -337, -316, 545, -440, -578, -318, 228, -394, -507, 491, -504, 32, 104, -174, 93, 538, 67, 558, -588, -147, -49, 461, 194, -63, -401, 41, 71, 473, -440, -248, -476, 104, 338, 383, 453, -162, -343, -109, 416, -429, -111, 253, 397, 256, -217, -257, 134, -554, 221, 132, -426, 199, -23, -133, -111, -585, -470, -283, -158, 337, 348, 107, 225, -477],
[437, 289, -160, -226, 412, -129, -313, 361, -355, -161, -431, -98, 410, 403, 497, -295, 562, -11, -189, -548, -505, 162, 127, 443, 270, 187, 301, -260, -574, 304, 512, -259, 428, -211, 53, -303, 494, -522, 596, 271, -434, -290, 461, -69, -140, 402, -134, -94, -30, 160, -552, 450, -168, -509, -177, 386, -529, 239, 103, 107, -377, 265, -470, -425, -200, 434, -186, -329, -460, 227, -253, -562, 580, 314, 222, -181, 191, -422, 403, 160],
[592, 86, -436, 475, -388, -587, 446, 308, 29, 85, 351, 66, -479, 58, 201, 72, -19, 588, -201, -388, -454, -326, -143, -417, -485, 101, -475, 101, 399, 15, 51, -512, 460, -347, -560, 325, 561, -380, -388, 53, 19, 195, -518, 171, 162, -293, -270, 11, 64, 87, 155, 503, -60, -314, 489, 56, 19, 91, 478, 141, 359, 32, 394, -378, 349, -250, -134, -100, -292, -84, -25, -347, -322, 531, 258, 221, -37, 36, 501, 483],
[414, -115, -454, 361, -113, -486, -561, 289, -62, -277, 302, -545, -264, -252, -51, -321, 124, -293, 574, -474, -36, -598, -448, -13, -141, -221, 241, 50, 405, -51, 314, -357, 408, -255, 339, 144, -557, -50, -517, -248, -128, -250, -567, -32, 307, 165, 489, 109, -60, 368, -82, 295, -525, 40, 461, -46, 535, -326, 71, -123, -111, -222, -77, 600, -537, 40, 91, -287, 431, -477, 121, 284, 557, 333, 553, 346, 54, -416, 75, 349],
[-173, -325, 374, 213, 168, 391, 598, 464, 259, -433, -341, -62, -89, -339, -235, 148, -455, -478, -332, 129, 486, 205, 381, 432, -157, 173, 498, -275, -490, -161, 191, 462, 494, 441, 21, 572, 261, 389, 97, -565, -130, 291, 214, -453, 461, 103, -204, -386, -40, -125, 440, 547, 10, -312, -315, -311, 503, -238, -458, 600, -252, -196, -471, -448, 489, -265, 92, -287, 391, 182, 125, -77, -537, -215, -134, -310, -178, -64, 74, 299],
[589, -241, -463, -374, 366, 582, -255, 457, -599, -6, 588, -568, -314, -345, -190, -107, -390, 201, -471, 433, -79, 529, -523, 66, -20, 239, 100, -406, -408, 177, 11, 23, -167, -174, 445, -548, -204, -451, 220, -525, -192, 259, -175, 179, -511, -319, 192, -131, 406, -317, -243, 334, 57, -451, 156, -376, 406, -521, 472, 390, 415, -378, 582, 342, 96, -284, 439, 383, -24, -52, -117, -132, 296, 178, 36, 441, 311, 308, -561, -189],
[219, -303, 540, 498, -584, -545, -595, 102, 226, -438, -374, 407, 194, -307, 281, -198, -270, 416, 69, 596, -118, -36, 468, -462, -110, 498, 309, -92, -599, 8, 291, 434, -348, 591, -74, -273, -41, -24, 23, 34, 332, -167, -506, 211, 515, 541, -75, 346, 38, -36, -51, 446, 362, -490, 306, -295, -123, 302, 294, -491, -296, 331, -330, -134, 170, -147, -578, 192, 113, -500, -152, 283, 100, 537, 524, 557, -200, 118, 186, -361],
[-556, 252, -432, -130, 89, 41, -292, -536, -27, 286, -195, -270, -549, -142, 484, -51, 384, -441, 390, -541, -348, -147, -472, -364, -398, 77, 523, 212, 295, 560, -261, 23, 405, 90, 55, -469, 595, -56, -202, -263, -271, -543, 57, -24, -523, -361, -598, -28, 35, -505, 29, -172, -327, -552, 6, 569, 185, 263, 435, 80, -505, 240, -80, 45, 437, -205, 87, -22, 532, -40, 332, -351, 203, -367, -229, 103, -281, 10, -237, -180],
[194, 19, -363, 214, 1, -528, -278, 205, 28, -272, -484, 455, -115, -502, -463, -569, -70, -183, 15, -13, -347, -53, -559, 170, 362, 475, 32, 558, -57, -506, 273, 476, -212, -206, -539, -590, 376, -168, 363, -501, 197, 179, -100, 301, -526, 46, -348, -192, -142, -549, 409, 198, -37, -120, 440, -327, -182, 462, -392, 471, -600, -273, 520, -441, -479, -409, -53, -141, -530, 149, 463, 401, -229, 257, 238, 556, -40, 481, 438, -418],
[9, 561, -136, -40, 256, 99, -363, -502, 125, 466, 154, -57, 403, -9, 141, 425, -370, -310, -401, -151, 484, -298, -48, -531, -348, 12, -155, 491, -63, -69, 31, 261, 334, -154, -84, -403, 390, -240, -86, -444, -178, 549, -531, 190, 558, -523, -17, -10, 474, -307, -492, -537, 216, -149, -210, -459, 301, -63, -225, 102, 450, -208, 80, -168, -506, 406, -471, 575, 55, 552, -126, 21, -51, 351, -407, -228, -436, -38, 177, 499],
[-346, 212, 419, -299, 418, -440, 52, -20, -162, -278, -85, 451, 184, 484, 579, 94, 180, -326, 333, 111, -4, -428, -351, -121, 202, 125, 386, -293, -389, -329, -326, 547, -4, -229, -175, -66, 467, -82, -9, -41, -20, 426, 28, -460, -543, -142, -31, -579, -545, 149, -333, 499, 416, -569, 259, 489, 145, -178, 263, 327, -194, 76, 48, 567, -225, -390, -482, -42, 390, 259, -300, 323, -131, 291, 494, 144, 121, 280, -420, -537],
[101, 495, 97, -222, -513, -390, -392, 160, 198, -284, 342, -571, 122, 397, -300, -345, 112, -125, 113, 345, 332, -9, -178, 589, 360, -145, 443, -516, 530, 598, -550, -591, -549, 11, 49, 251, -385, -529, 314, 21, 27, 235, 130, -13, 419, 69, 293, 501, 82, 242, -486, 282, -218, 119, -270, -65, 89, 222, 317, -551, -459, -86, 140, 25, -516, 244, 487, -382, -281, 581, 192, -216, -201, -90, -220, -67, -13, -360, -120, -136],
[-321, -296, -495, -285, 188, -243, 486, 514, 236, -446, -556, -231, -545, 193, -105, -433, -497, 360, 27, 158, 59, 317, -417, 53, -80, -198, 152, -388, -118, 50, 219, 304, 348, 18, -149, 400, 327, -140, -387, 264, -434, -395, 424, -581, 79, 284, 578, 146, -64, -488, 574, 421, -530, -598, 288, 34, -481, -56, 312, 206, 330, -541, -453, 352, 482, -172, -594, -53, 251, 90, -389, -460, 474, 448, 362, 37, 422, 212, -187, 591],
[523, 36, -76, -323, -230, 16, 591, -535, -58, 600, -503, -104, -42, 176, 195, 377, 340, 483, 176, -288, -504, -354, -341, 516, -272, 417, 47, -426, -519, 16, -85, -265, 81, 177, -453, -505, -43, 303, -338, -382, -479, -537, 191, -399, -574, 406, -420, 61, 591, -583, 373, 547, 383, 22, 278, 139, 372, -298, 394, 5, 351, -472, -221, 324, 549, 247, -559, -45, 344, -577, -157, -497, 296, 287, -209, 4, -330, 217, -358, 266],
[-389, -282, -572, 37, -406, 66, 59, 305, -81, -572, -289, 346, 497, 488, -447, -177, -411, -406, 416, -203, 325, -254, -214, -274, 305, 99, 82, -266, 58, -85, -299, -496, -257, -119, 209, 110, 246, -389, -400, 117, 92, 48, 105, -505, -211, -218, -92, -54, 375, -320, 210, -278, -181, 170, -70, 89, 507, -202, 512, 454, 520, -312, -150, 472, 419, 110, 253, 91, 442, 531, 79, 205, 402, 37, 547, -332, 318, 270, -408, -3],
[-346, -393, -60, -231, 423, -56, 97, 533, -76, 136, -238, -471, -512, -427, 413, -313, 588, 60, -184, 119, -381, 61, -260, 521, -563, 388, 362, -376, 598, -395, 440, -169, 119, -520, -134, 580, 560, 565, 453, 399, 271, 539, 528, 102, -459, -367, 296, -369, -316, 275, 176, -66, 236, -112, 288, 563, -331, 152, -475, -504, 467, -346, -96, -75, 253, 486, -309, -384, 256, 11, 468, 189, -426, 476, 360, 417, -262, 294, 344, 364],
[231, 256, -102, -464, 572, 172, -136, 179, 344, -487, -26, -2, -170, -116, -150, -252, 340, 560, 109, 297, -440, -4, -476, -564, 313, 347, -465, -128, -427, -284, -459, -567, -333, -9, -107, 276, 143, 172, -550, -103, -415, -111, -313, -207, -533, 362, 295, -206, 488, 559, -270, -48, 233, 486, 57, 395, -480, 487, 592, 585, -125, 363, -127, 46, 477, -280, -538, -416, -93, -409, -530, 37, -148, -306, -558, 554, 142, 330, -103, -539],
[-234, -61, 512, 403, -74, 587, 523, -122, -546, 278, 248, -123, -568, -75, -439, 196, 569, 141, -238, -129, -279, 592, 438, -255, -393, 329, -68, -9, -574, -182, -433, -57, -135, 161, -492, -498, 289, 418, -151, 89, 66, -8, 503, -24, -234, 396, -355, -562, 310, -3, -39, 210, -197, -222, -292, -250, 163, -428, -65, -549, 579, -74, -54, -538, 223, -247, 113, 257, -391, -432, 129, 487, 260, -84, -517, -160, -203, -295, 207, -263],
[-334, 158, -529, -34, -580, -228, 280, 144, 560, 312, 307, -436, -73, 348, 408, -571, 495, 206, -27, 548, -62, -248, -394, 94, 438, -502, 132, 13, 437, 242, 173, -386, 571, 406, 489, -259, -131, -119, -574, -599, -264, 397, 14, 261, -178, 558, -600, -127, 280, 530, -196, -324, -446, 303, 280, -440, 319, -511, 306, 18, -421, 21, -515, -268, -352, -470, 36, -470, -289, 72, 367, -381, 506, 72, 301, 383, 315, 450, -165, -98],
[-100, 319, -405, -433, 459, 437, -205, -415, 77, 430, -596, 83, -526, 513, -207, -173, -443, 243, 331, 154, -82, 490, -305, 45, -303, -377, -38, -299, -548, 362, 316, -473, 407, -182, -500, 189, -425, 132, -73, 444, -301, -326, -196, -50, 504, -393, -23, -365, 195, -112, 545, -30, 30, -346, -518, -53, 337, 555, 460, 542, 543, 200, -167, -493, -214, -599, -257, -360, -166, -143, -130, 316, -94, -13, 518, 327, 184, -372, 142, -167],
[-49, 267, -247, 194, -259, 4, -568, 157, 428, 326, -141, -536, -331, 5, -342, -13, 291, -326, 256, 297, -107, 399, -26, 84, 338, 397, -293, -491, -410, -477, 345, 491, -181, 227, 268, -524, -65, 355, -593, 530, 308, 184, 599, -162, 342, 343, -559, -569, 12, 523, 63, -452, -248, -253, 123, 536, 519, -138, 376, -419, 483, 414, 365, -305, -465, 93, -475, -586, -148, 210, -484, 357, -36, -286, -461, -108, 30, -448, 423, -513],
[33, 405, -303, 26, -74, 520, 474, -207, 430, 310, -536, -179, 171, 230, -174, 172, -37, 42, 393, -78, -219, 39, 365, -93, -206, -447, 379, 444, 68, 310, -357, -111, -502, 599, -293, -432, 432, -185, 58, 394, -430, -581, -219, -32, -102, 322, -83, -111, 301, -86, 12, 282, 539, 363, -441, 501, -581, 66, -104, -363, 21, -7, 276, -244, -159, -171, -444, -28, 329, -582, -35, 597, -245, 370, -434, 411, 231, -278, 350, -305],
[218, 258, 375, -45, -261, -13, 583, -373, -368, -214, -454, -232, 422, 21, 455, 536, -55, -115, 504, 87, -209, -519, -118, 115, -25, -75, 7, 484, 252, 512, -298, -152, -99, 91, -273, -44, 73, 32, -67, -562, 108, -22, 411, -479, 158, -308, -394, 439, -388, -481, -41, -344, -594, 225, 491, 52, 473, 324, -185, 306, -204, -343, 493, 361, -539, -206, 290, 331, 166, 25, 539, -151, -395, 266, -80, 51, 363, -289, -8, 2],
[573, 132, 91, -551, 171, 264, -351, -533, 146, -591, -215, -286, 478, -509, -361, -432, -367, 2, -565, 586, 537, 459, 542, 20, -197, -227, -493, -36, -241, 174, 271, -263, -149, -265, 91, -281, 93, -250, -124, -10, 87, -158, 498, 252, -163, 71, -334, 151, 44, -589, -523, -348, -42, 373, -309, 277, -112, 165, 509, 295, 357, -50, 357, 320, 41, -119, 238, 591, 74, -328, 239, -536, -327, 201, 2, 434, -156, -169, -513, 417],
[-434, 535, -23, -252, 575, -493, -286, 478, -544, -241, 411, 141, -434, 185, 408, 88, -291, -218, 14, 50, 544, 483, 408, -24, -111, 258, 253, -337, 162, -215, -396, -204, 312, 547, 437, -599, -317, -69, 501, 436, 273, -436, -68, -191, 235, 37, -429, 378, -446, -272, 33, -361, -2, -156, 416, -68, 290, -141, 375, -4, -90, -564, 121, -149, -347, -558, 91, -453, 29, 554, -33, -348, -19, -22, 320, -214, 599, 72, 553, -274],
[-56, 476, 266, -283, -462, 293, 46, -26, -548, 375, 157, 402, -459, -268, -144, 578, -349, -452, 20, -480, -277, 271, 192, -95, -554, -554, -29, 528, 330, 378, -386, 220, -122, -531, -314, -208, -283, 175, 321, -574, -461, -392, -94, -326, 273, 432, 304, -54, 367, -93, -151, 194, -316, -254, -456, 211, -296, 153, -204, -598, 561, -317, -409, 168, -14, -155, -167, 439, 289, 35, -337, -527, 372, 257, -572, -529, -538, -3, 3, 587],
[291, -348, 110, 433, -459, 0, -137, 169, 88, 224, -70, -393, 59, -466, 225, -277, 516, -332, -402, -303, 161, -535, 184, 12, 224, 61, 87, 281, -577, 74, -103, 169, 147, 274, -261, 424, 256, -291, 130, -350, -397, -593, 87, -433, 513, 519, -183, 429, 377, -222, 459, 23, -370, 291, 123, -595, -321, 463, -176, -443, -260, -19, 150, -457, 197, -166, -461, 137, -228, -356, -425, 500, -163, -15, -508, 294, -207, -60, 193, -249],
[83, -516, 163, 97, 79, 81, 364, -145, 196, -456, 594, 316, -406, 368, -351, 467, 268, 548, 57, -266, -550, 446, 334, 215, 109, 219, -149, 500, 434, 49, 562, -473, -173, -522, -314, 152, 193, 346, 245, 72, 298, 174, 263, 453, 537, 301, 528, -298, 156, 577, 429, 146, 50, 101, 250, 107, -262, 490, -138, -116, 590, -439, -474, 26, 522, 577, 219, 158, -73, 145, -41, 154, -155, 13, 493, 576, 423, -216, 511, 314],
[-273, -514, -162, 577, 300, 433, -225, 350, -397, -154, -297, 164, 263, 375, 101, -450, -511, 178, -103, -482, 388, 4, 288, -460, -480, 434, 458, 190, -557, -53, 174, 227, -505, 275, -474, 70, -127, -341, 280, -88, 502, -183, -377, -88, -25, 87, 26, 409, -217, 170, -480, 482, 431, -137, -592, -324, -348, 569, 139, -106, 400, -390, 143, 354, 578, -418, 533, 103, -7, 78, 366, -250, 298, 442, -9, 306, -181, -391, 101, -342],
[346, -18, 358, 178, -184, -480, -102, -468, -361, -557, 47, 309, -355, 174, -373, 330, -559, 115, -144, 120, 48, 502, -590, 78, -488, 252, -363, -575, -553, -358, 309, -438, -355, 599, -16, 37, -517, 460, -295, -464, 300, -115, 32, 403, -520, -23, -70, 210, 123, -384, -215, -591, -538, -242, 34, 572, -300, 598, -347, 184, -571, -431, -108, -165, -449, 572, -90, -594, 572, -61, 44, 535, 169, -9, 339, 493, 139, -443, -365, -44],
[133, -532, -505, -581, -544, 199, -310, 424, 180, 529, 384, -222, 193, -313, 409, -102, 304, -315, -170, -522, 92, 589, 403, 523, -581, 243, 568, -277, -436, 592, 149, 142, -339, 230, 474, -256, 15, 379, -118, -70, 167, 72, 541, -338, -501, 102, -70, 405, 451, -236, -137, 3, -12, -471, -421, 455, 594, -314, 471, 379, 320, -131, -562, 303, -235, 258, -518, 441, 523, 249, -241, 104, 399, 27, -379, -436, 573, 32, -564, -292],
[-388, -318, -357, -528, 502, 0, -292, -478, -455, 542, -91, -413, 24, 99, -474, 62, -272, 371, -185, -255, 39, -501, -528, -397, -149, -27, -521, -155, 592, -120, -511, -25, 366, 406, -230, 426, 549, -425, -511, -309, 407, 527, 467, 503, -476, 163, 34, 331, -362, -348, -493, 106, 384, 534, -41, 556, -164, -386, -189, -584, 57, 506, -395, -506, -570, 502, -45, -441, 459, 562, -71, 119, 414, 0, -166, 328, 415, -547, -86, -311],
[296, -242, -447, 408, 138, 393, -202, 499, 256, 531, -327, -429, -255, -9, 389, -591, -299, 322, -341, -527, -169, -384, -588, 131, -529, 49, 411, -417, -479, 245, -506, -212, -423, 204, -2, 113, -173, -593, -442, -360, -252, 178, -220, 75, -213, 75, 594, -517, -332, -132, -196, -490, 581, 516, -79, -487, -76, 594, 231, -342, -579, 155, -423, -570, 481, 93, -300, 503, 437, -338, -480, 460, 534, -599, -204, 389, 25, -540, 234, 12],
[279, -2, -300, 204, -368, -502, -271, -218, 488, 250, 288, -340, 296, -305, -23, 143, 156, 439, 97, -30, 409, 541, 200, -48, 178, -336, -251, 592, -269, -89, 79, 133, -226, 366, -69, -43, 282, -564, 80, 529, -550, -377, 378, 595, 309, -417, 518, 382, -447, 250, 403, -254, -381, 49, -376, -322, 508, 204, 16, -376, 589, -396, -198, 546, -318, 48, -24, -387, 504, 76, 321, 46, -216, -469, -8, 129, -128, -414, 123, 381],
[264, 355, 8, -75, 488, 580, -131, 300, -340, -403, -17, -587, 40, -444, 12, -39, 274, 373, -105, 558, -473, 596, -172, 162, 389, -94, -546, 257, -230, 543, 259, -572, -169, 108, -241, 265, -498, 204, 80, 479, -371, 100, 560, -253, 56, 518, -412, 473, -430, 328, -321, 130, 335, -580, -89, 497, -69, -258, -254, 189, 108, -112, 332, 445, -381, 415, 261, -389, 74, -356, -138, -343, 260, -179, -437, 165, -546, 77, 284, -597],
[108, -200, 295, -250, -419, -86, 197, -563, -589, 143, 92, -1, -396, 505, 379, -573, -143, 574, 443, -294, -19, -92, 582, 507, 513, -242, 547, -330, 536, 362, -43, -470, -182, -69, -518, 395, 280, 214, 343, 141, -494, 57, -73, 266, -108, -280, -18, -436, 350, -399, 329, 97, -529, -260, -177, -276, -356, 398, -123, -221, 21, -281, -35, -186, 330, 384, -251, -502, -305, 579, 320, -56, 308, -80, 165, -338, 32, -413, -124, 315],
[-207, -322, -274, 422, 280, 169, 556, -302, 266, 475, -117, 252, 134, -131, 591, 230, 337, -10, -386, 356, -170, 273, -12, 110, -379, 17, 222, -495, 302, 486, -392, -268, -288, 408, -122, -150, -113, 368, 259, -432, -337, 85, -417, -57, 248, -197, 405, 193, -264, 111, 428, 252, 212, -524, 240, 518, 118, 209, -362, 99, -295, 164, 284, -253, 2, 333, -50, -436, -430, -560, -437, 303, 184, 460, 449, 586, -549, -336, 413, 138],
[-268, -240, -212, 467, -508, -190, -121, 479, 337, -89, -428, -597, -229, 575, -432, 293, -490, -426, 379, -138, -40, -344, -60, -123, 475, -249, -45, 555, 418, -25, -450, -532, -232, -211, 106, -309, 458, -105, 377, 544, 386, 229, 417, 53, -351, -483, -475, 505, -258, 407, 454, -357, 549, -320, 542, -8, -571, -194, 0, -451, -172, -329, 1, 341, -299, 353, -308, -491, -541, -98, 567, -400, -270, -61, -411, 483, 277, -348, -42, -217],
[-299, -331, -458, -471, 91, -368, -309, 269, -446, 435, 349, -518, -236, 396, -179, -224, -283, -416, -339, -132, 248, -192, -561, 256, -581, 252, -593, 285, -124, 31, -574, 311, 354, -45, -148, -17, -185, -518, -579, -410, -544, -228, 466, -459, 546, -422, -461, 148, 155, 14, 38, -327, 392, -350, 590, -83, 473, 277, 145, -135, -421, -569, 91, 47, -210, 78, -350, 331, 481, -290, 557, 567, 183, 23, 283, 536, 10, 537, 158, -336],
[199, -414, 204, 7, -249, 599, -568, 28, 212, 86, 65, -73, -384, 235, 256, -278, -520, -255, 376, 120, -211, 275, -264, -143, -513, 463, 411, 584, 352, 406, 234, 212, 450, -3, -551, -58, -563, 152, 35, -505, 387, 347, -101, -305, 167, 8, -165, 269, -202, 138, -275, -94, -59, -207, -338, -559, -513, -339, -297, -203, 573, -412, -52, -433, -430, 285, -489, 33, 445, -41, 24, 267, -14, 137, 575, -184, 444, -257, -289, 210],
[312, 416, -558, 161, -81, -5, 357, 133, -252, -386, -220, -53, -357, 54, 588, -73, 1, -112, -587, -270, -490, -494, -528, 218, -30, 435, 359, 235, 62, -443, 324, -175, 571, 171, 169, -311, 353, 594, 515, 341, 330, -145, -75, 415, -267, 412, 31, -465, 308, 257, -364, -1, 346, -111, -459, -437, 370, -79, -179, -61, -265, 131, -384, -154, 53, -107, -260, 343, 324, -199, 334, 125, 113, 120, 324, 548, 289, 317, 405, 44],
[138, -268, -519, -315, 451, 410, 488, 173, -95, 546, -290, -461, -290, -217, 290, 11, -78, 122, -403, 186, 598, -175, 370, 275, -252, 569, 187, -396, 138, 405, -58, -253, 493, -441, -103, 172, -419, -83, 567, -274, 9, -96, -490, 321, 366, -585, -488, 419, 130, 457, -371, 121, -308, -158, 590, 71, 547, 217, 417, -222, 518, -468, 237, -373, -312, 230, 357, 576, -437, -411, -229, -375, -71, -245, 463, 393, 312, 468, -175, 383],
[74, -461, -184, -500, -434, -381, 108, 555, -569, -559, 65, 61, -534, -21, 448, 4, 140, 46, -342, 103, 39, -521, 258, -311, 197, 124, -140, 187, 540, 551, -332, -35, 84, 0, -537, -588, 188, 467, 105, -503, 71, -312, 0, -572, -191, -522, 127, -191, -167, -23, -204, 43, -336, -292, -217, -12, -281, -10, 526, -269, 419, 160, -514, -398, 420, -273, -200, 215, 0, -309, 264, -558, -447, 345, -211, 537, 333, -430, -15, -41],
[-39, -504, -584, 548, -145, 232, 494, -451, -415, 14, 256, 369, 568, 531, 209, 426, 464, 443, -217, -594, 15, -560, -246, 184, 19, 378, -73, -217, 348, -488, 289, 227, 586, -478, 37, 54, 37, 487, -483, 24, 31, 109, -427, 541, -165, -140, 307, -5, -521, 511, -477, 254, -596, -409, -33, -147, -491, -11, 429, 349, -22, -440, 334, 599, 203, -266, -148, -340, -174, 462, -390, -304, 460, -256, 354, 399, -142, 21, -345, -147],
[-403, 243, 187, -389, 81, -146, 279, 227, 242, -394, 513, -593, 97, -484, 361, 355, -578, -328, -398, -95, -276, 387, -106, 559, 34, -244, -37, -197, 386, -375, 587, 62, 62, 443, -483, 281, 490, 553, -558, -366, 26, -261, 174, -470, -202, -487, 293, 104, -280, -294, -368, -445, 487, 274, -587, 88, 548, -252, -312, 141, 242, 212, 278, -66, 582, -439, -86, -174, 437, -311, 475, 113, -310, 351, 323, -40, -365, 166, -269, -223],
[-297, -122, 571, -474, 274, 14, 166, 532, 372, -64, 533, -272, -157, 214, -45, -192, 110, -294, -449, 350, -225, -258, 239, -242, -329, 460, -431, -262, 201, -225, -31, -463, 367, 69, -77, 529, 115, -440, -385, -591, 539, 345, -418, -405, 222, -507, -30, 489, -99, -290, 509, 145, 515, -454, 570, 306, -96, 451, -284, -478, -114, -150, 511, -104, -525, 370, 591, -435, -266, -513, 76, -15, 27, 363, -227, 598, 262, -27, -90, -52],
[-152, -560, -521, -531, 500, -282, -397, -87, -449, -92, -159, 394, -273, 215, 456, 86, 148, -332, 141, -415, -433, 539, -513, 425, -375, 391, -451, -308, -589, -341, 80, 540, 405, -7, -179, 500, 34, -337, 534, 342, 81, 19, -25, -589, 251, -339, -540, 363, -146, 113, -375, -588, -507, 425, 436, 294, -529, -325, 262, 287, 541, -11, 531, -226, 241, 477, 273, 535, 298, 174, 274, -450, -136, 108, -160, 510, 478, 565, -313, -230],
[-201, -365, 429, -213, -101, -516, -79, -343, 377, -214, 2, 535, 395, -571, -533, -481, 1, 184, 231, 234, 167, 343, -431, 121, 14, -237, -318, -393, -435, -591, 14, -428, -215, 264, -142, -459, 449, -18, -116, 527, -307, -398, -442, -400, 89, -460, -365, 63, 168, 6, 81, 109, -493, -249, 182, -203, -419, 152, -135, 480, -266, -383, 284, 337, -78, 200, -127, -282, -221, -251, -166, 210, -519, -319, 76, 549, -83, -587, -99, -165],
[-545, 278, 452, -139, -151, 545, 259, -510, -80, 594, 518, 338, -194, 463, 22, -193, 101, 371, -65, -142, -593, 472, 292, 412, 577, 479, -305, -238, -175, 108, -46, -347, -321, -429, 373, -479, -165, -197, -466, 137, 417, -421, 437, -268, -65, -419, 228, -459, 160, 501, -348, -355, -51, 486, -248, 427, 442, -401, 134, 17, -433, 398, -368, 242, 20, 572, -65, -257, 179, -157, -316, 345, -404, -332, -511, 36, -454, -136, -222, 360],
[-348, -246, -171, -592, 180, 45, 25, 304, -463, -4, 288, 502, -239, -325, -283, 165, 225, -64, -586, -309, -31, 119, 299, 93, 438, 520, -412, -243, -347, 169, 379, 483, 67, 244, -396, 28, -47, -378, 239, -374, -532, -505, 494, -267, -184, 308, 43, -150, -37, 280, 74, 17, 584, 225, 248, -315, 341, 525, 509, -21, -174, 597, 565, -350, 286, 428, 525, -574, 211, 190, 168, -85, -414, -160, 278, 222, -223, 553, -541, 288],
[-304, -149, -301, 82, 27, 39, 541, -433, 366, 407, 486, 147, 212, 244, 515, -277, 42, 77, 178, -472, -32, -194, -29, 509, -544, -104, -448, 14, -255, 540, 18, 504, 371, 237, 74, -288, 330, 5, -229, -394, 130, 372, 64, 228, -465, 198, 376, -120, -343, -392, -135, -229, -324, 66, -59, 366, 308, -320, -195, 247, 439, 356, 598, -128, -130, -426, -352, 270, 558, -553, -250, -590, -577, -587, -314, -46, 598, 13, 232, -144],
[-547, 419, -578, 388, -499, -113, 130, -148, 196, 558, 428, 212, -210, -267, -540, -226, -575, 18, 208, -421, 435, -365, -447, -351, -276, 568, 303, 309, 533, -412, -366, 111, 90, 516, -493, -562, -229, 574, 573, -325, -534, -446, -129, -205, 563, 545, 341, 183, -34, 86, -577, -165, -383, 104, -44, 76, 268, -583, 531, -175, -43, 93, 39, -50, 448, 11, -7, 254, -7, -201, -523, 124, 113, -59, 48, 591, -164, 66, 13, -84]]