-14
42
77
52
-23
-63
21
-86
147
-37
8
-74
-60
20
-74
-62
-49
-49
28
-23
-44
-65
30
-40
7
57
-25
66
51
21
0
-32
-51
-4
-23
43
77
-60
-77
-53
88
-131
-15
12
12
-89
-66
-22
17
-81
-7
-157
24
-79
-47
-7
93
68
30
17
-23
54
37
30
-66
20
33
29
13
-18
69
-89
19
22
59
83
34
-52
-15
61
97
-49
-17
61
33
-31
-75
42
-8
6
74
57
78
16
-114
48
-136
-20
-93
55
61
34
54
-10
5
89
0
125
10
-16
45
83
-82
-20
-40
-1
-6
-60
-120
-13
46
-27
-93
-96
-111
-13
38
-68
-22
0
20
-18
73
-94
104
14
25
18
-40
-47
-106
54
-55
6
54
-23
6
27
-66
-82
3
-126
180
62
-73
42
-46
41
64
33
-24
30
-20
-32
17
26
-7
-62
-71
42
51
-29
-93
-3
-72
-10
20
34
17
-79
11
-5
75
71
-25
-85
14
27
-47
5
-10
121
-52
89
128
-103
-61
-33
55
25
-162
63
41
85
9
100
0
29
-2
68
34
19
93
11
8
36
0
82
85
95
-49
40
94
-16
60
-35
32
2
39
-9
45
41
21
16
-27
34
-115
-19
-70
6
0
56
47
95
94
-33
-52
81
-7
26
-5
-81
-94
27
-21
77
47
-7
65
23
-92
-97
-6
9
-53
-36
30
20
93
121
-65
-40
-23
54
-67
-74
-41
19
-41
-7
-110
110
23
-33
-17
95
-82
-10
68
119
-49
56
61
-29
-28
58
-19
-6
-19
-104
-22
29
11
30
20
88
0
-19
-96
18
-92
33
-86
-44
-8
39
7
-39
-138
-135
67
12
-53
-76
18
95
58
76
59
-48
18
22
-60
77
-15
37
-11
-119
-34
97
32
7
-49
39
35
-16
8
-28
-4
-13
31
-10
-35
125
20
-31
67
52
60
35
-97
-36
27
179
53
7
80
-27
131
73
45
-9
-19
20
-2
17
-109
-74
57
-9
61
22
72
92
-56
110
-30
28
37
-58
-66
119
1
57
59
-9
75
60
17
43
-23
-84
-71
18
100
19
52
29
-25
52
-113
-39
38
71
-42
3
-37
64
-131
-45
33
-16
-65
38
88
-87
107
-16
-77
46
-23
49
-44
-86
-46
57
18
-36
10
-40
42
68
2
122
-8
-17
87
-35
-104
42
-34
27
-40
-34
-4
48
37
39
78
-45
-37
-27
4
26
-67
4
-25
31
21
-22
-10
-33
4
18
-4
-8
78
-3
-67
-23
33
-22
3
-73
-42
-81
20
-9
-8
30
62
33
-120
98
38
41
136
-37
-30
-63
105
72
55
101
63
29
-25
-51
14
-21
45
32
-3
9
-39
58
36
-48
-31
16
-3
30
67
-79
52
-75
121
69
91
64
-76
132
2
-25
76
30
31
5
-119
23
-8
-13
62
109
50
-53
76
-37
36
-11
19
144
65
-38
-80
7
14
-88
-48
64
97
-75
41
-2
101
63
-21
11
17
-47
6
25
-59
-10
44
98
79
12
69
-6
-15
11
-11
157
-40
-41
17
-49
-45
12
6
68
34
29
40
43
25
-25
-59
-27
48
17
17
-108
5
-62
-53
-77
30
46
-13
6
18
39
164
39
2
-15
-35
50
-21
75
-9
18
15
12
52
46
1
52
79
67
82
-25
196
129
6
56
-38
-49
95
-6
-24
51
77
39
42
52
-93
-88
32
-68
42
-67
-26
76
-7
-115
-29
31
-46
22
129
-40
46
22
-130
-54
-58
3
-55
-5
58
-75
-36
34
57
-56
-1
10
19
55
-56
-12
141
121
46
5
43
-61
19
-39
16
6
47
-56
50
96
-88
82
67
-30
100
2
6
-71
-7
-104
-69
69
-18
-33
130
50
-90
83
6
-90
-14
-89
47
55
89
-54
-29
70
-52
-61
15
-20
18
-5
-117
-40
-62
-72
-89
-67
-6
19
37
12
-6
9
-76
-76
-39
76
-13
-37
-20
-14
27
13
23
-29
13
2
-67
58
-101
-14
-68
-65
61
53
91
-70
115
43
-14
89
61
7
-102
45
26
-34
51
25
36
90
154
79
31
1
-61
48
79
-19
29
-44
127
55
31
3
98
-23
-48
-76
-19
-14
-48
-11
-19
-36
23
109
80
31
-95
28
-6
130
10
65
24
-117
-16
95
107
37
17
21
-98
-76
-35
-35
-24
-20
32
-30
82
-20
68
34
49
-27
-46
-54
87
64
-53
65
11
-58
-21
29
-22
72
-26
44
-21
-39
47
-77
-80
5
-79
116
30
28
44
-60
-14
35
-42
-114
-80
97
-78
-90
95
58
75
-54
50
70
6
85
-31
-54
9
57
58
73
61
104
-59
36
-30
32
6
36
-39
65
-38
17
43
28
18
-5
20
33
7
23
-21
-7
-79
-8
-29
-12
139
-53
-39
13
-45
47
126
12
70
-62
-62
-72
46
61
58
-90
-6
72
22
-33
-26
-13
-115
-52
101
-14
-34
-52
-38
-1
-57
32
135
15
12
-85
-93
-29
55
-134
-31
-48
0
45
15
66
-10
-36
60
126
3
-23
-8
-12
-22
-49
-148
160
11
-35
11
153
36
22
-28
49
-52
-44
23
3
97
-1
81
47
-80
-80
23
-83
42
-90
-8
-72
-14
-57
30
75
93
9
69
