-1
3
43
-7
-50
-5
-47
12
-35
-41
-26
-64
-6
-12
-16
-70
-62
-12
-84
10
-34
61
-3
4
-31
-44
-12
-28
-2
12
4
61
15
-52
-44
12
-29
-54
-17
-13
45
0
16
52
-54
15
-20
-8
-42
-35
-27
-2
1
31
-13
-40
12
57
46
10
32
20
9
47
19
23
25
28
-18
-25
-1
-1
28
-6
81
2
28
-55
-17
-8
21
1
24
-16
-23
-11
34
-63
18
-13
25
47
-17
-54
-10
-11
-14
3
9
2
21
-65
59
44
-28
8
2
-12
29
4
33
-34
-21
17
48
-35
57
-2
-19
40
-18
5
-9
-42
-41
23
3
55
37
-9
19
-19
10
6
22
37
54
-72
-34
15
40
18
16
-33
62
16
52
19
-39
-45
0
-34
62
24
-16
-11
-14
20
-36
11
27
57
-13
51
7
20
-31
27
-1
22
-38
37
42
6
-18
-2
69
17
-42
-46
-10
-1
-36
-19
-7
-14
27
37
-62
-26
12
-3
-51
89
52
11
26
21
-16
42
-45
38
-17
59
15
39
30
17
21
52
9
8
51
-56
-11
13
8
84
49
53
2
-63
-8
20
17
-68
-15
-28
6
41
2
7
48
43
7
-20
17
-2
-30
-37
21
0
-15
6
-27
26
-45
18
43
38
5
-16
34
-47
-83
50
41
15
43
30
-47
25
10
2
10
-18
-46
-21
1
41
-3
8
22
-34
26
-54
-43
-21
-27
45
-27
-29
-14
0
-29
43
17
21
5
85
-70
-18
48
10
2
2
2
31
-13
0
31
72
-4
-8
23
50
16
-13
38
-21
-39
-4
-42
7
-5
-38
28
-31
-3
-39
33
-10
-38
-51
58
16
-33
67
35
-4
40
-25
-8
52
-26
1
24
-44
-19
-2
38
3
-18
-11
18
-2
-47
11
7
-11
5
1
17
90
38
9
-27
62
-31
-62
-21
-34
44
19
38
-30
102
-40
26
52
65
24
14
-19
-28
41
51
-106
34
22
83
42
24
45
-18
10
12
49
-4
-17
-75
24
6
-43
51
27
51
-54
21
51
3
-51
-17
7
26
14
42
-11
70
-4
-7
-37
0
2
35
24
19
-28
-5
-2
9
3
-17
-34
84
-27
-25
22
-5
58
66
24
10
-12
-26
22
70
9
72
9
19
29
24
72
0
15
16
3
-25
30
-29
13
-67
-55
-31
3
21
-8
-29
20
-33
5
-47
16
7
2
-28
56
72
60
59
27
-25
18
14
-31
-7
-14
10
-43
0
30
27
10
4
5
19
-39
-2
28
38
31
-58
4
-30
0
5
5
-53
25
10
1
21
75
44
11
31
-6
60
11
17
39
-12
-8
74
0
-2
-22
-10
41
-39
-11
12
-38
40
-49
48
36
35
55
-41
57
-1
-27
-38
12
-12
12
-15
-16
-1
12
-28
48
-6
24
-43
19
12
-4
74
85
52
3
-37
-23
-36
-2
38
1
98
-31
-34
-21
-18
24
-22
32
1
-35
30
-1
18
-36
40
40
33
9
43
12
8
8
12
56
-8
-16
-9
-1
2
20
40
48
62
15
28
-28
27
3
10
-2
-31
23
0
-19
-3
-35
-17
3
8
18
-24
-25
-35
-26
78
-11
30
-3
2
51
33
77
-5
30
-43
5
-14
5
-36
-18
21
25
17
-23
13
54
41
1
29
-18
82
-39
-41
24
22
57
28
95
-72
32
-5
19
33
9
-33
1
-50
-9
10
92
15
50
0
-19
24
35
-33
35
51
-65
-34
15
42
51
-54
50
0
34
-6
12
-40
-38
48
42
40
44
12
14
-23
24
14
-63
65
33
5
-57
33
23
-29
-30
10
-26
12
17
-4
-60
-46
8
-49
-4
-68
31
4
-14
30
1
35
5
-8
-19
49
47
22
-14
-35
2
-20
20
-5
19
-28
20
-42
6
-8
15
-37
-32
61
-15
9
58
-12
35
55
-15
-28
-26
-17
33
53
23
29
5
14
5
-19
-46
37
55
-26
45
29
14
52
-13
-14
-43
83
1
34
124
65
-10
15
-21
7
-68
59
3
49
-19
-2
17
36
9
17
70
-9
17
-48
0
23
24
-91
-2
34
-6
-11
-24
7
-2
-32
16
54
-2
-57
32
38
74
-5
33
-8
67
31
-18
52
-29
22
40
16
43
18
-1
-28
-9
-85
21
1
9
45
11
51
34
-35
16
6
10
-9
-5
50
-28
-30
18
-17
-55
22
19
-4
17
31
-55
-36
-30
-48
11
30
21
14
102
59
-25
13
51
43
5
27
27
-2
38
-13
5
16
25
-31
25
44
7
15
46
26
10
9
62
-38
42
9
43
-46
31
23
42
-9
1
61
61
-41
21
-26
-21
-34
37
-32
-4
24
6
-27
-47
34
69
41
28
14
7
-3
36
-3
59
20
-45
21
44
-37
-48
2
35
36
6
10
31
-9
34
-27
-2
23
32
11
-32
44
-6
23
-12
26
33
20
52
-29
-12
23
-17
-56
-16
45
46
-42
15
62
20
-5
-9
-20
36
-13
-30
13
43
-38
-38
-62
15
-46
-60
-3
87
-47
0
-12
-39
-6
-22
1
-18
34
12
-6
32
4
-17
39
-22
46
-34
-4
15
11
-41
45
-65
7
-65
2
