-43
-90
143
72
93
-95
24
-95
31
72
-36
-30
63
19
223
-14
37
-60
-114
-77
8
-42
137
27
-17
146
19
29
142
21
57
130
57
99
93
-42
101
155
105
-31
59
-42
-18
-16
85
85
76
-86
6
155
6
-110
9
-28
-98
10
38
103
47
163
3
19
-117
124
66
-25
38
-101
-76
-3
3
-54
109
83
47
-66
111
118
-211
-15
-8
-53
69
138
14
-36
-158
45
-77
62
16
35
74
55
119
41
-42
-13
-88
71
155
149
-84
-37
-109
55
126
38
37
119
-4
-157
-15
104
118
29
23
-23
-9
-28
-10
-13
-127
154
-83
-26
-65
-118
-19
-68
-5
28
-99
-11
18
-18
-84
-10
-54
-75
32
-129
35
6
65
-102
5
-67
-46
-116
60
57
-16
12
47
84
0
40
-122
-72
-82
-128
117
2
-49
-117
-48
120
13
39
-117
-136
-63
-14
-37
38
47
109
-38
51
-202
4
-74
-61
-43
109
-17
18
16
83
8
-81
-7
-69
-55
-48
141
21
49
-46
44
71
155
2
70
-9
-8
-53
17
7
38
62
-38
37
-101
4
64
-142
-32
77
-75
-81
19
-41
-82
68
10
-65
-90
-29
105
-99
101
-30
-42
-45
-82
47
140
92
110
-98
91
-89
-92
30
120
-127
54
-63
-40
-63
62
108
-10
-19
-35
-79
78
54
-30
50
-43
-37
134
1
72
-3
107
-43
-62
-45
104
62
60
43
33
28
141
185
-37
-79
-9
34
64
-86
-46
101
-29
-39
-91
-59
-5
24
-125
99
-96
-12
45
57
33
82
-104
80
-53
50
-20
74
-65
100
-8
36
-7
85
-125
30
-3
67
-136
-97
80
93
-86
-8
-20
98
87
-54
-108
-111
-99
-89
-11
-27
-81
-129
65
-95
-75
7
-27
51
19
-31
-25
-113
-97
-47
57
-152
154
44
-186
23
12
155
206
82
12
-60
-47
38
-185
-7
-23
52
60
-28
6
-28
-10
-53
-13
28
50
-5
19
28
144
85
-11
62
-62
-55
-147
75
35
81
62
33
-3
-5
4
146
-32
15
3
-63
49
52
93
-83
-81
23
80
119
-18
73
93
81
70
0
44
41
-77
-17
-15
57
-119
51
89
-31
73
59
43
-83
-111
75
-73
152
-125
-40
39
11
-152
-99
-56
37
48
-165
-24
-104
-74
42
-6
124
79
-56
98
-64
-64
-89
-32
38
-66
-8
-118
-15
-89
-43
113
-6
-44
96
58
47
-67
141
-38
146
181
-78
26
-160
73
68
87
28
-153
136
-20
34
3
14
-14
0
-27
22
29
128
53
62
84
33
42
4
92
-52
-26
41
4
-132
72
-43
41
4
41
-24
98
-72
-21
5
-62
-117
65
-6
135
163
98
68
20
17
61
-76
-55
105
89
0
-83
-80
31
-133
56
-55
-69
-81
-144
-46
155
-33
-52
-43
103
89
4
87
-39
47
104
110
-44
-25
-123
-51
94
41
92
-112
24
83
0
108
52
-69
101
-58
-10
127
133
-83
-92
-106
-43
0
17
-50
45
53
159
-30
109
52
143
18
100
-44
50
-66
84
-25
-46
101
81
-110
22
-119
-89
-27
-66
38
82
68
45
95
-27
-25
81
13
71
90
11
132
-5
-146
70
-42
59
50
-25
19
20
-91
-62
81
56
-41
-76
79
-87
47
139
83
76
-33
22
31
-49
54
74
-69
-29
45
35
-50
-8
-95
87
95
-48
53
-53
-34
4
37
97
-34
8
-15
-131
159
89
-113
-96
-48
27
134
-143
16
70
44
61
115
-47
138
-46
-57
-15
128
42
-35
-20
-2
14
4
17
-19
-79
19
-9
133
-21
-109
52
55
-31
-117
-62
73
-28
-38
-17
-36
29
-37
-156
-25
32
-106
33
-15
101
66
11
20
-171
-58
-120
51
65
49
-20
72
1
75
100
36
36
53
26
-72
56
71
54
158
-13
46
-101
85
60
-101
-48
-13
-69
-53
-100
-121
42
-84
-36
50
116
-66
29
-33
-52
-23
9
-38
-6
-52
58
-91
14
128
112
-11
-71
141
-59
-22
-43
36
-2
152
66
0
-69
111
106
-134
-19
117
63
42
7
-39
74
-98
42
63
-29
112
-75
-5
46
-61
13
-78
-46
-108
2
120
36
109
22
-37
143
110
126
67
-52
-48
-69
-169
-65
87
-126
12
-27
16
0
7
68
24
97
-44
-60
-173
-25
52
-111
20
-34
137
110
87
44
19
-23
-7
-113
-25
51
153
-70
-88
60
-65
-11
96
61
65
-77
-26
18
-63
-23
174
-17
-65
-52
82
109
136
69
-20
-27
33
75
-64
110
-44
6
-78
97
-7
-24
73
-25
-35
-58
-149
9
-37
116
22
52
-8
-57
-23
-127
-2
-19
-45
-16
-96
-154
-72
3
21
-37
-92
94
173
-66
-27
19
57
-16
-30
12
-64
59
-58
-84
-100
-52
-76
55
-125
-25
-53
14
192
-38
50
12
-80
-94
2
27
-6
-12
3
-97
41
18
-100
-214
-33
93
27
35
-7
25
-16
53
-133
95
-89
-46
-2
102
-117
-102
88
-2
-73
75
-20
-20
16
152
25
45
8
10
43
77
-31
-68
54
91
-165
3
-25
81
-9
-137
18
84
-110
67
-49
-28
-61
12
-37
20
-85
-50
64
-48
-96
75
-148
59
-104
28
73
-16
-5
24
-20
-12
-88
-88
-125
27
-117
-20
40
-3
-102
10
68
-100
31
58
2
116
72
-71
-5
36
129
-94
-60
20
-30
102
-25
38
-22
34
78
-9
-68
3
21
31
-93
64
52
28
123
-58
39
-6
88
133
24
6
-11
92
8
56
111
24
43
-30
8
30
-43
73
4
27
-17
-77
11
-72
-26
10
53
-116
57
59
-176
-4
8
35
72
40
77
33
76
-88
-22
0
112
-64
-9
17
-82
23
15
137
24
-49
-45
77
79
11
-2
54
-12
112
63
63
-106
37
35
-24
31
98
100
-71
5
-18
34
2
68
5
35
-7
59
22
-102
14
65
-60
-66
97
-45
-77
16
10
16
-28
13
-86
-57
-48
-149
-61
61
-86
-37
86
132
-88
-2
35
15
23
124
-56
-48
-44
8
-35
-10
4
176
-76
-20
131
62
-57
27
-16
-225
69
-61
56
12
88
62
-100
97
5
-21
77
106
61
79
114
5
65
0
59
114
-105
-28
-1
58
73
109
28
77
-38
-160
-4
-10
17
-6
-26
-82
65
30
-154
31
46
-42
90
77
-11
-16
124
-144
16
-9
-84
43
-55
6
-27
-35
-23
151
-73
-96
84
25
104
-80
-9
-83
-32
-97
10
-38
-52
53
-49
-150
-53
32
29
-40
-39
38
-90
-41
54
-27
154
-124
-28
-67
87
37
2
-92
-60
-104
-25
21
37
85
38
54
42
20
85
-74
0
80
-42
-19
-126
97
-29
-173
-36
-69
50
-5
-1
-41
49
36
74
134
-20
-122
203
0
-3
23
8
-13
48
76
-2
-64
106
-86
-39
3
-127
-139
-161
7
60
-34
-14
63
-40
34
82
-8
169
135
102
106
5
-26
34
18
87
-77
67
-136
-200
114
118
-125
35
-77
-34
-106
-53
-12
47
77
-110
-32
-57
9
123
-68
64
-63
122
71
-74
-66
-64
-59
-32
143
-27
57
-14
-34
114
-69
7
32
92
-158
81
-74
5
72
92
-123
67
92
130
14
50
-79
49
-41
-113
170
-20
-48
32
-3
-53
-42
40
40
11
-59
103
127
83
114
55
-31
52
90
-48
-42
109
-115
-174
43
-48
-63
130
-26
-13
-179
-23
16
21
40
-39
-137
-10
22
43
-50
-79
-54
-140
36
46
-34
80
92
-112
68
134
58
102
-86
69
151
184
5
-62
-97
-20
12
52
-124
50
30
94
11
-15
80
14
97
87
-78
34
-61
-81
-125
60
-68
111
-1
76
56
-30
43
-28
-115
13
-107
-23
-42
68
-26
-108
-47
149
-94
-66
22
-84
-73
-121
-90
123
55
41
29
143
-113
128
77
6
41
91
-86
110
29
0
-66
34
46
106
-56
62
-12
139
78
-17
-29
31
49
37
151
32
-27
36
53
49
-69
-23
-36
-42
-146
-50
-81
-78
-181
-169
-35
-19
41
81
41
-7
-2
82
58
-16
56
152
81
-82
-19
-34
16
60
39
24
-16
118
35
87
98
86
-64
12
94
19
-47
90
-30
-10
60
-64
-89
-98
7
30
17
-15
-43
20
75
-103
47
109
25
-6
23
57
-78
-30
-91
46
-63
3
-163
-55
-160
22
-47
-119
104
126
-104
-73
-52
145
-33
-139
164
119
-15
35
-133
65
-19
46
84
-61
-66
-23
-107
122
-117
81
-59
27
-16
121
20
17
-79
24
-86
-107
3
0
38
-55
-18
5
-20
43
74
43
147
-58
143
85
-24
-131
41
-5
-113
13
-70
-86
-85
-90
-93
-63
-22
107
-38
106
-94
97
-133
-37
-56
18
-28
-117
-33
49
109
15
-24
114
-64
-126
24
54
-161
-4
62
83
41
-57
80
34
41
-18
-40
-74
-96
-39
93
10
99
-53
-68
2
-89
-19
-27
-21
-25
60
-11
-89
31
36
78
30
30
53
33
99
-69
-137
6
-26
92
15
10
-84
-100
29
104
130
-86
-40
-3
-200
-67
-41
-81
-121
7
27
-87
-4
-52
41
-37
-73
-4
104
81
100
-18
-46
-191
-32
109
-122
-30
-42
23
-127
25
12
119
9
9
82
-32
86
-79
-3
90
-10
24
-4
-21
16
14
-15
18
-93
-93
-41
16
-7
136
26
50
36
39
7
-3
85
-70
-85
36
101
32
55
-15
-100
183
-78
131
-64
-14
-24
-57
71
-13
-35
-34
68
1
-96
32
-174
60
-74
-16
4
-135
-1
-84
-34
-8
-62
-63
-104
-132
99
-70
71
0
-14
-135
57
-1
51
-49
98
-10
-57
-62
-32
91
-9
33
-73
29
5
-4
-8
-16
62
115
72
53
39
43
48
35
-125
-76
-153
36
48
-13
74
76
101
73
35
79
-59
-88
83
-28
-79
20
82
24
-53
73
12
-40
54
-73
-157
8
27
-33
-86
131
91
-77
-59
-69
-110
31
78
23
75
5
10
42
-95
117
-66
32
-26
95
28
-100
61
137
-56
-56
3
-157
95
-83
-76
-61
-3
-45
-25
106
71
-148
-18
-116
-28
-90
82
-126
68
34
80
-27
-141
86
129
165
130
-64
-5
-28
-106
-59
-41
58
-29
-88
-19
-4
182
89
97
-46
-16
6
82
64
-49
-59
28
-77
49
-46
-35
-43
-134
33
-41
-105
-21
-33
22
59
11
49
30
-55
2
-84
135
9
-96
-89
7
132
-39
69
-120
41
52
81
-63
18
-65
57
42
2
50
-65
-44
-106
-203
-70
-102
192
-140
-21
77
106
47
-1
-146
49
-39
-93
90
19
4
-52
10
-12
-28
-79
85
-42
-156
-74
11
25
73
-109
57
90
-61
124
198
16
72
-66
77
-106
-14
-119
23
-37
-167
58
-160
-69
60
-18
-166
49
-3
2
-92
46
77
33
-93
-74
-27
-40
47
75
69
-10
46
47
-43
10
1
-61
34
-83
-112
-125
-44
125
145
103
12
67
-13
-11
-43
-51
5
61
44
3
52
-95
21
130
-112
44
99
73
-43
43
135
-77
28
-74
29
10
64
1
-100
-51
84
51
15
24
-109
-71
57
74
-68
158
-68
-93
-33
-113
-76
63
-77
-9
-98
98
-38
30
14
-42
-21
-14
-23
65
-130
-136
-158
44
-44
-101
231
36
-46
79
-74
-61
34
21
-64
87
-105
-42
-29
-141
7
-37
-39
-21
69
15
-58
102
103
-93
12
149
-124
30
123
10
-18
157
79
-80
52
-99
-51
87
-91
-23
-40
167
-151
112
-102
0
-12
117
140
0
130
65
-5
35
73
-73
-183
29
7
-108
-101
85
100
-48
112
-91
-18
16
40
-78
-112
-72
27
26
32
86
-28
-149
20
9
-75
-9
122
-21
32
-22
-16
-4
-16
-58
-76
11
-59
-38
62
62
57
-69
125
-32
44
110
-94
-77
-23
-79
-103
-106
0
17
13
65
-18
-126
-78
-13
-21
50
67
80
81
48
-66
-155
52
-100
51
-101
84
99
6
-78
-127
-41
-116
51
145
37
-94
-98
-154
-13
7
110
-47
-5
-115
-23
77
24
-100
7
-72
-81
19
-71
170
48
-27
-54
-55
57
51
-51
28
-5
-36
-51
-26
132
75
-89
52
86
-25
77
-61
-78
-38
8
53
-167
-97
-34
-79
104
1
-152
39
-93
77
63
13
97
101
-119
-56
86
26
24
-38
-50
-60
-83
17
-13
-2
-150
132
-23
-160
61
130
-82
-75
85
44
116
8
45
68
-90
96
37
-62
-29
-44
-90
86
-50
-9
20
28
84
198
170
-17
-105
-7
10
-12
-80
-97
54
12
-50
-28
-31
-85
-67
-10
82
-91
5
-26
-67
-85
106
-19
18
-34
-60
-115
160
-46
-20
-11
-145
-33
-25
-30
136
62
29
-49
9
-83
44
-44
145
-64
73
76
-1
-50
74
-86
94
51
68
-55
122
-4
-12
-93
-30
134
-21
-31
-177
-84
-25
-162
18
50
-6
-13
82
73
-84
46
-35
47
-56
-120
-121
-64
88
49
-67
-203
26
3
-38
-18
-152
116
-14
-49
47
54
38
97
34
60
41
-25
145
31
65
63
-152
-117
82
-15
82
26
63
-30
61
109
-18
-10
-5
52
-14
15
95
-63
81
35
15
63
-32
35
59
126
105
-44
-30
92
-186
119
-79
106
-56
-99
-134
58
-91
-17
-100
-33
78
42
11
-16
-57
-91
145
120
-83
-87
-148
30
-61
62
88
-14
44
125
13
32
51
50
-93
-37
-9
84
44
-63
-106
47
-73
81
-27
5
-45
-20
-112
-39
121
77
-128
109
59
-70
83
-20
40
75
-104
60
-31
116
3
49
60
-10
49
-171
-99
-44
49
-45
-115
-55
129
-102
-55
14
-94
-89
-121
19
-24
79
85
11
-136
-19
-124
-49
-36
-13
-87
-5
-42
79
-52
110
-77
-131
3
-47
5
-92
-77
-88
-80
98
137
122
-65
-127
69
-66
-138
17
-151
73
91
77
84
-16
-120
-97
8
-138
-48
-64
78
-50
98
51
-166
42
52
51
6
-50
-37
-81
48
65
-70
167
44
-9
2
-13
-23
26
-70
163
62
2
-50
-13
105
-24
20
-43
-153
141
83
153
85
194
33
24
86
-63
-15
49
-57
112
45
-78
81
-22
40
-26
25
16
109
51
64
41
-170
26
-45
-54
-79
0
70
160
31
75
168
-37
-6
-27
-41
-106
-50
177
17
103
50
60
60
8
-230
-16
32
12
35
38
42
-125
17
-84
-104
-29
-74
43
19
-175
64
141
21
27
34
-115
13
122
-106
46
-65
31
41
-53
118
-50
-65
11
-83
-49
-19
-139
85
-19
49
-80
91
71
121
171
-21
1
27
-22
18
-4
32
-17
17
12
96
41
-40
-1
26
96
52
-121
69
-101
103
-117
-29
-22
-81
10
-64
-49
-10
100
37
-161
69
135
11
3
-94
82
17
4
-66
38
-87
-27
-90
66
11
-42
-19
38
39
-15
-52
15
-5
-28
101
-126
-62
44
182
27
-79
-101
-82
19
32
-151
58
-82
13
-123
-38
117
83
-130
-57
115
25
-7
147
76
-42
27
-90
-90
-80
64
-116
14
3
-86
55
155
-51
39
-36
-79
-45
-29
-6
-87
165
14
128
-72
40
41
10
111
-65
-147
-26
-17
-13
-3
-142
72
-151
-168
-120
88
-77
34
-79
-88
-3
52
-61
3
-14
-34
-106
94
2
19
105
-27
-42
69
-100
136
-31
67
-56
8
51
-18
28
-131
145
-11
-84
105
-23
89
3
29
97
32
-42
-19
52
17
-120
-59
55
-28
-173
60
-23
-64
22
-30
-135
-134
7
37
78
-9
-91
70
-24
-128
104
32
-69
109
-18
-35
-30
31
74
44
-74
-55
31
18
-160
-24
39
-45
80
-1
81
123
6
153
55
-55
-48
135
79
10
-4
-84
-9
101
-80
-15
55
-35
144
-100
59
-20
57
11
4
-46
-20
101
144
-41
-28
74
54
-176
-79
85
128
-104
116
127
24
10
43
64
-98
-14
36
-123
-25
52
32
-78
-32
-53
-100
-103
70
19
-22
-116
-13
-120
114
-16
75
-4
0
-136
-42
-56
-241
8
-50
55
34
-59
1
-7
-15
79
-112
70
77
127
-89
-48
-36
-52
-49
-45
-13
-131
-91
-167
-86
69
86
41
-25
-90
-69
-138
98
-2
-134
-16
57
-39
-152
11
2
-3
-32
-64
-46
133
13
72
10
123
-180
50
35
-73
-138
148
74
-17
3
-35
38
-81
14
91
-175
10
70
98
-28
-163
-9
104
-44
-7
-94
113
111
-76
-174
-103
12
60
36
-19
-53
-85
64
-43
-9
32
1
44
0
12
-98
-44
141
-130
-6
58
97
-60
19
146
-110
20
-35
-90
-11
-99
-97
6
73
26
-60
75
32
-40
121
-93
46
45
2
-58
207
-34
-122
117
-34
-40
13
159
38
-71
-38
-1
183
41
-125
70
124
-99
53
-15
-39
104
76
-35
-57
-38
-117
95
-12
-103
53
-101
-84
-125
-55
15
-42
-43
77
125
-72
-78
-3
-33
-8
35
-133
93
-115
-24
61
-12
7
168
-89
11
-22
113
17
85
-157
47
74
-32
48
-66
-32
27
-168
25
71
49
90
-137
-155
-62
-38
88
-106
-2
102
-104
-123
89
-40
11
84
69
26
-37
-33
10
-89
-33
-5
43
65
-50
80
18
4
52
17
28
90
60
-9
39
98
26
137
-134
-85
-59
-10
121
-72
100
108
-101
37
81
-131
-36
-146
-119
-73
-28
-52
-125
-65
105
-56
-22
173
-117
11
-71
117
0
-73
73
-150
125
-84
-128
-61
-147
0
72
49
50
-38
66
-94
-18
46
12
26
-60
-66
52
90
95
-84
-76
100
70
24
24
13
123
34
48
90
-101
76
110
-9
50
-5
-43
-42
31
-124
-45
20
-18
-105
-7
-29
-3
-26
-58
-106
-155
115
103
-166
-46
-91
-14
85
-25
-5
-87
-114
-65
-110
-50
-49
26
111
-90
115
-9
-8
73
-176
-18
74
-139
-81
-36
96
9
141
-34
31
-8
47
-156
24
-57
29
40
86
9
58
-110
12
-94
-21
111
89
-83
-14
107
-11
63
50
68
-16
-96
-56
-84
-23
-16
-65
53
-17
122
-143
-93
-29
-86
11
-37
-117
28
10
22
53
4
143
1
66
-49
1
-17
-12
-105
64
79
-17
16
47
-7
52
124
-87
-48
38
-27
102
-115
-188
72
-12
97
41
84
101
-152
-85
77
-50
-152
-86
102
32
32
-20
-41
100
105
-25
53
-105
39
127
-159
-68
20
-86
85
-148
53
16
-104
-44
-95
30
-70
55
44
108
88
43
-60
-84
-73
-91
-4
19
-103
-52
72
-105
-34
-114
73
-45
47
5
47
48
131
36
-76
-69
-44
-129
-135
-42
75
51
72
153
-7
-81
-9
-5
-5
81
-45
-124
-6
-8
133
67
131
-90
6
47
12
-78
25
-169
51
83
-72
37
5
102
86
-44
33
-5
-13
91
23
-116
38
-60
83
-109
133
18
77
-144
80
-30
-82
85
-163
26
113
0
-25
-111
-129
57
-67
-98
59
-46
70
4
105
-40
83
112
10
-61
-83
27
-139
-17
-126
-69
-72
-4
73
-18
104
-53
100
29
17
10
98
41
25
-18
-20
6
-143
-162
147
-68
62
29
-6
198
117
46
14
-100
-197
-42
-104
107
29
105
13
84
0
-123
-41
-114
156
36
139
43
-89
-52
31
150
-69
29
-80
-151
153
91
-57
95
1
118
63
29
156
-32
19
111
63
-21
-31
36
-13
31
31
13
-63
-63
44
-64
1
-13
40
-11
79
-153
35
-83
7
-67
-27
33
-73
-20
-19
74
-19
-75
54
-103
85
-58
96
87
-122
-88
-29
17
34
78
76
-121
-100
8
2
-91
113
-26
-30
7
50
142
62
-106
55
-50
61
27
-158
40
112
31
84
-15
29
6
111
58
120
79
-66
80
106
-22
78
37
40
66
70
7
69
28
-13
-151
128
163
-31
-102
31
8
-24
-127
82
121
-4
12
110
-6
122
86
-62
41
4
207
-138
-59
-88
6
27
129
-23
-146
35
9
20
-36
-54
-36
-6
-93
23
-74
36
-99
35
75
-52
29
132
-83
111
-36
59
-9
-12
-69
161
-23
-197
-56
93
-24
5
-92
80
-41
-6
-36
-61
89
-105
28
-105
13
-77
27
-67
-188
13
-36
-35
41
176
-31
-93
-54
10
-20
-38
-15
-132
15
168
21
-91
63
62
81
-15
-24
32
-16
44
26
35
-88
53
-88
-18
-77
-110
125
-110
3
-98
10
-19
117
-161
-20
-12
-65
-70
36
-76
-47
-55
-6
-11
104
31
96
87
2
144
95
1
-116
121
11
-91
-68
-124
11
47
-4
31
-23
41
107
27
104
115
-68
11
8
33
30
15
6
-158
-133
-58
-126
-35
-30
-59
-7
92
-68
169
-121
-108
48
43
126
46
-29
78
-51
-190
18
-127
42
2
-49
81
-47
-82
-67
77
-79
-65
79
-83
-29
-131
-4
107
-27
-85
-57
-87
-10
-31
226
-17
-67
99
6
-56
25
-77
25
-58
15
-6
-100
77
-9
95
68
-74
-3
-16
38
147
77
128
28
3
-149
-25
-43
109
14
-115
28
96
-7
112
-36
31
-16
-50
21
-6
66
-37
46
-78
-106
-24
51
-56
-37
102
-29
31
12
-19
-53
42
-90
-17
46
-50
1
-45
91
71
17
34
53
-61
-108
-22
125
7
37
-35
25
-78
-38
-150
52
-6
43
-16
45
53
33
22
-29
-8
7
37
60
-41
-53
-11
-108
-72
-90
153
-32
32
-17
-44
8
-1
-65
-95
-88
183
-48
7
177
95
-11
-80
-2
124
109
-48
109
-7
6
-40
49
8
-21
-149
130
122
21
127
1
-92
111
84
-54
9
13
9
-44
114
-144
-102
-95
94
102
50
73
0
-179
-98
40
-22
79
30
60
60
-6
-123
84
-42
95
41
51
-34
-96
65
114
20
-31
-79
-54
52
8
-3
-79
-45
-30
-15
-24
15
-48
147
56
-20
-80
20
-98
73
-71
-113
33
175
54
-71
-52
112
61
-27
89
21
46
19
0
-113
96
53
-49
-115
39
-52
-43
34
69
-86
42
54
-53
-62
-29
-70
-4
4
105
4
-22
-76
-98
108
2
-2
-46
-74
24
-21
-31
50
-8
-37
55
18
-82
-15
-65
116
87
-72
-137
68
-61
129
8
-114
7
49
28
102
101
-123
130
-76
67
100
101
104
55
12
38
19
-78
-28
26
-15
-20
140
93
139
6
115
-38
26
17
133
-183
-7
62
-110
6
70
-86
-88
-55
121
-82
-40
-173
-21
-104
-27
63
62
131
-103
12
-58
110
49
-2
88
45
49
-17
-6
72
71
70
-60
85
59
20
-61
-62
30
1
43
83
-65
-71
85
88
99
29
-58
11
-17
92
61
-28
-22
-78
46
-90
84
-149
19
6
-90
-56
-60
-10
95
-85
12
-7
145
90
-105
110
-17
-66
-77
-41
30
-53
47
46
81
-53
-36
54
-68
-191
-129
-24
99
16
28
48
-139
-59
-8
-73
-84
-6
12
6
71
-32
120
2
-12
-96
15
-46
-57
42
83
0
-20
-121
4
108
0
58
-15
-41
123
14
30
127
-44
-43
1
75
208
54
-31
43
-45
26
-137
27
-2
-53
-71
2
-70
15
-65
43
-13
89
-20
41
-20
82
125
-63
-32
-92
139
38
33
-109
25
-140
51
22
-1
128
71
31
-72
-35
-3
50
-104
-41
-68
-114
-104
-59
-115
141
66
169
73
-114
79
-101
21
-148
27
3
-145
-82
21
-206
-51
-78
-120
-65
-73
-5
-76
66
4
102
-23
-50
-63
28
154
22
-22
-108
74
62
-133
6
-9
-37
11
-21
-105
17
-76
3
-133
-101
27
-85
60
34
-28
72
-3
4
-139
54
53
-147
12
-3
-26
28
-46
21
-77
-23
46
-74
19
-4
35
-71
-76
-39
-58
61
12
71
-72
-93
-20
-38
39
50
-81
32
-19
-84
-90
25
56
-34
-95
35
81
-66
2
74
8
67
78
-94
115
87
51
80
62
-125
14
29
-86
-22
-76
-34
31
43
-42
-90
-134
17
42
100
1
-123
1
-4
61
-72
-107
24
-56
47
-99
30
4
15
133
100
47
-19
113
-30
-67
-21
76
-108
88
-4
26
17
12
81
100
-6
0
-79
31
-38
87
112
36
-45
79
135
67
-21
-8
65
-7
57
34
-116
-92
-19
-55
-57
-186
7
35
75
94
-5
-20
-94
89
4
24
-34
-76
71
-99
-15
-2
-46
9
103
46
69
-18
26
-8
-25
-25
14
-104
66
-96
-44
34
119
11
106
-86
-97
41
-170
134
13
18
10
-111
91
105
-29
-41
-59
-47
121
62
-80
-151
-28
-42
-74
129
34
145
62
-7
109
22
-113
-51
-19
-74
-54
-99
-119
-12
78
54
123
32
-11
-149
79
-77
-102
14
87
-84
-13
98
83
-102
-24
-20
-19
-49
88
-58
81
64
-10
76
-4
-174
-63
-81
62
68
68
9
-62
-130
-31
-13
127
-125
-22
99
85
-8
-68
-71
-114
50
99
-23
-142
-143
-19
-21
-50
56
-26
-126
57
85
-117
-2
-133
28
94
-25
-23
90
38
33
52
45
-126
147
8
74
46
93
-18
-125
-62
-4
-136
-61
28
44
38
-37
98
-199
163
-25
-96
-101
74
31
119
4
148
5
78
43
40
4
98
-122
63
12
-124
-32
-73
42
32
15
-55
-77
202
55
-14
-3
-83
-22
-93
64
-14
114
85
162
95
-60
69
-11
-46
-9
-13
53
6
-91
10
71
-13
-63
19
-20
22
194
-134
-65
-29
0
-55
21
-136
-55
83
-2
64
-92
-92
89
93
139
58
-161
-4
74
69
-76
-67
-81
116
59
-166
-101
82
4
-146
-2
23
-63
44
-66
106
55
7
-71
-193
50
-78
6
-55
34
-49
54
-81
-31
30
-57
-37
26
60
-110
-41
9
62
29
-10
-53
6
-79
-43
9
112
23
10
18
-117
-26
42
26
-24
-17
49
103
47
-66
22
67
101
49
-32
-148
3
17
28
-78
-4
-42
-58
-132
-36
-99
-107
49
-19
-1
93
37
89
-18
-82
44
-97
-88
140
19
-85
-44
-38
-187
-105
-50
-99
19
-71
28
-39
28
36
-28
-16
107
45
75
35
108
159
-55
71
41
-3
-52
-26
59
-69
-76
-78
-101
-162
-99
42
-62
97
-7
-164
-70
-84
-147
79
86
-59
4
-15
-17
73
-92
-112
-122
53
1
-78
175
-87
-39
-73
-106
-92
61
-1
-18
98
-114
-126
-53
-76
-15
4
202
40
-41
-26
-153
58
-43
14
62
30
2
-67
-67
38
162
-122
-35
25
-12
-68
-173
22
-68
133
-73
68
-16
180
46
73
68
17
78
17
19
-24
-34
13
23
180
141
83
-92
74
98
-38
123
-116
-9
23
91
-29
-29
-121
92
60
160
-136
-6
-154
-93
-58
80
-11
13
64
-83
-17
-84
8
9
87
-131
59
16
152
-162
-19
0
113
-20
-9
17
63
-31
-132
-30
-78
-36
74
-14
60
-35
25
-75
-202
13
-58
-147
13
-81
87
-93
4
48
-147
-12
1
-37
-126
-101
15
-69
52
-86
-72
133
63
46
61
-158
21
-107
-17
-48
-15
108
64
-77
-33
-127
7
-56
89
-33
77
203
73
-3
-78
-35
0
27
-19
101
-139
-18
-47
20
-9
65
-111
12
70
-97
46
-75
-43
-6
-76
78
59
-125
-39
90
-70
0
52
-122
22
85
75
105
68
24
-51
-80
-66
-72
185
53
123
78
47
-129
-146
91
-9
49
-13
-157
-113
139
-37
-62
-41
23
-14
149
-32
116
-123
39
-5
-72
66
107
51
71
25
117
105
-56
36
-81
-72
-86
42
24
-49
19
-64
-40
31
-64
73
75
91
-8
29
38
-51
-46
-86
97
40
-93
38
-77
62
111
6
-28
-4
-60
-19
-4
1
67
-85
25
-35
26
-17
69
34
71
73
3
-85
-41
-20
-10
29
-45
75
14
101
62
77
4
97
-73
-35
-30
75
91
-52
-54
-159
72
86
46
88
-172
-66
-74
220
129
-75
-120
-32
-49
139
-46
-29
36
104
-74
-18
123
217
-52
-99
41
42
-7
-105
-68
-63
20
9
-42
137
-9
22
89
45
-7
33
-70
27
-67
143
66
-79
-45
-112
25
80
31
61
-55
79
-105
-47
4
13
-18
57
-8
-128
-61
9
-21
-40
34
161
39
-8
-53
-42
4
-111
7
65
2
-70
53
23
-21
-1
104
-43
-69
-44
-17
91
-122
-5
4
-98
8
-73
127
27
-51
87
58
-11
156
-74
93
112
53
-3
105
-5
81
110
56
39
-125
-78
77
-73
-19
175
73
102
53
-27
-6
116
-70
-19
30
48
-21
-13
-57
-14
24
-36
-69
38
-75
-89
58
-116
63
-64
-32
56
70
130
-62
-171
-124
-20
-60
-32
63
1
80
56
-67
73
-49
-6
-126
-21
86
88
-27
-78
-6
166
-53
-149
39
109
123
85
120
-95
-5
5
11
-69
-26
102
89
-22
36
19
20
-62
41
49
61
-73
99
81
-50
33
-52
54
-79
62
118
112
73
-41
-119
-40
-132
86
24
-61
-117
-28
-41
39
-63
61
68
-21
-58
25
-60
156
20
12
18
130
22
2
-92
-57
16
74
14
61
-19
90
65
-9
-124
-123
-19
9
-60
-15
66
-33
84
-16
-61
124
-9
119
27
-82
66
66
57
-67
27
-57
-9
-1
-64
99
71
47
35
25
45
-98
-55
-39
-21
-75
1
43
-73
134
36
-115
88
85
-14
4
153
31
-41
-51
72
-113
80
186
-54
54
-22
-7
-27
91
-200
-111
51
88
-4
19
102
73
-15
-67
-37
-93
-87
71
-181
181
17
71
-143
73
103
86
1
-65
-129
-120
34
-108
4
-73
119
-99
175
-7
36
-105
-55
19
-140
-22
-116
120
-23
-87
-47
30
161
61
1
-72
151
27
-4
-125
-38
-60
-82
19
35
6
-23
62
6
24
-51
8
-77
-13
81
72
-1
38
-84
107
-69
-112
6
27
-68
-46
42
36
-67
139
67
31
30
-138
69
46
84
-31
-21
-50
-59
-29
-81
-118
-100
33
-79
-23
-3
79
10
-82
55
-109
-78
-3
-120
85
-98
101
-13
106
-138
-23
102
66
21
26
-38
101
-24
-114
-6
67
58
-113
183
-94
-11
-57
14
36
112
17
-100
-100
14
-16
66
23
32
-73
-131
-111
-30
31
-99
-11
-30
51
94
-21
95
-14
-159
-73
-30
-31
-145
-45
11
67
-89
140
112
-68
-68
-69
6
131
-37
-10
-28
-55
-59
-27
60
96
46
-221
-84
25
-77
-29
-24
-82
5
-23
-132
64
-46
-75
-137
-91
-116
6
68
10
64
-145
22
-36
50
-122
55
3
-49
-75
10
-86
-171
-13
-71
-7
44
92
-120
153
122
93
-18
-81
-33
-24
12
99
109
-14
-27
-58
-9
93
18
71
-43
-83
32
-158
57
-86
13
20
-77
-60
11
38
8
55
-27
-146
-15
45
-94
26
-42
13
21
-75
-91
-38
42
-41
-49
72
-100
-4
11
-5
72
-79
77
33
91
20
29
-104
-92
-61
18
-78
14
-139
21
44
-116
78
-32
2
27
4
167
-94
16
17
-83
-7
-78
-48
41
-98
193
-135
34
-64
69
-10
-76
-8
57
-8
61
-121
75
-12
61
21
110
-50
91
9
-60
68
18
14
27
-38
54
72
103
-16
-20
107
-86
33
50
-17
-59
-64
128
104
-70
85
-50
-54
-26
-2
124
-92
-3
88
-94
67
6
-54
110
72
-82
-25
99
95
-119
-79
-26
101
-14
147
-58
-74
44
-96
-20
-27
30
119
-12
20
-101
-76
-42
-32
-20
32
5
71
1
-18
-44
-124
157
-116
-51
-2
-49
82
18
-117
-27
174
14
-17
143
-23
-33
68
67
-62
68
81
19
-45
-16
-41
134
-31
-80
-62
-139
110
-88
-45
-55
-176
2
-51
56
-16
-50
-6
-99
-58
2
26
21
-48
-149
-16
-86
38
-24
-43
-110
-112
48
110
-96
10
61
34
122
33
-98
-17
-88
45
-37
157
-39
-76
1
57
24
-59
10
79
-75
-56
-59
-70
-42
-19
-70
94
91
-67
36
31
58
-117
109
46
19
111
-148
-7
60
29
32
-114
20
-97
178
30
36
8
-107
-2
13
114
49
37
66
-124
-139
-82
-34
34
-56
4
-70
-63
-150
-1
43
60
90
5
15
51
35
34
157
-73
-54
4
37
54
-212
-87
-12
-27
-96
-17
84
-1
14
45
81
149
-52
-28
6
98
26
43
-21
-32
-49
26
32
-157
161
-32
-79
63
-6
0
-18
14
-129
9
51
0
-77
14
116
-48
25
-84
-41
119
137
42
17
38
-56
-62
-164
-50
164
-115
-47
36
-76
50
33
-10
-95
55
14
-1
97
-26
-64
-50
-24
55
164
43
-98
-146
36
165
-14
-67
-72
-11
-50
-14
53
-15
53
-63
-9
236
90
4
5
-24
-62
-15
71
-64
16
27
76
195
-65
12
-11
37
28
25
28
-73
66
-66
-142
-60
35
74
44
-85
-17
93
87
147
-68
-66
83
9
-43
-33
-59
58
-72
-36
66
135
-107
-32
-24
28
2
-53
17
-39
-1
18
6
176
-109
6
79
-24
-90
-68
-103
28
102
54
80
149
-101
-6
-117
-46
76
-34
-44
-41
133
-19
95
-59
20
89
-8
-53
86
-33
-26
-2
-119
151
-71
-64
-94
156
-5
-17
15
6
-65
47
-122
-65
-34
-153
36
56
153
-43
52
-48
-61
111
120
-78
180
-119
76
16
109
-34
-16
-138
107
140
49
14
96
-35
-111
-122
-6
-161
4
-50
-42
23
-106
-48
75
-39
56
-31
-71
-16
-77
-89
157
-13
25
109
-38
-8
-92
132
-3
178
-73
68
1
96
-66
-33
-129
41
-52
-94
-16
95
-3
-25
23
-2
5
39
30
-129
120
27
-27
34
58
-51
62
111
-59
23
10
34
141
-57
-63
-9
-56
-25
-58
-95
48
25
-19
89
-45
18
53
85
22
152
60
17
39
-22
7
-3
-126
-165
1
-52
84
122
-9
34
34
-83
67
48
-37
41
115
77
-32
76
144
88
109
-33
181
-95
-36
20
101
21
67
12
-66
-148
188
24
-109
-76
-88
154
-40
-113
119
-9
-88
3
-9
83
-71
-9
155
69
13
-159
-98
-76
38
-9
-51
48
-61
-62
-77
7
73
98
-11
-43
140
108
-19
-38
135
41
-95
-103
31
-18
85
-47
-78
20
-144
4
-139
7
8
85
-141
-26
-81
-77
-90
77
65
64
-78
-82
-81
-21
122
-124
-52
53
-102
71
-36
-64
102
52
-63
-47
94
-75
76
44
-78
77
-92
4
16
15
120
-55
-15
98
-19
16
17
83
-18
11
4
123
-18
-63
-6
-32
68
-31
143
-8
-6
141
8
-21
-137
-103
29
38
36
65
38
81
-23
128
31
52
25
-97
-153
125
-8
-24
-103
84
-108
-61
-40
-53
-15
-34
-21
57
-26
88
74
-24
79
-99
-10
-32
-7
-31
42
-59
-11
99
-69
-124
33
-84
-151
51
25
51
58
18
-110
90
100
174
-57
-22
52
168
61
-135
68
36
-95
15
-77
-29
-40
119
-13
-68
-42
128
-9
154
-9
-25
-9
40
47
82
-30
-79
50
28
-4
92
87
110
28
-103
-126
157
-52
-1
-57
117
-38
79
-23
-70
-60
83
30
-89
14
-81
60
-46
122
38
133
46
-103
-45
-47
74
-67
38
-19
12
-14
122
-96
22
40
-13
-23
-86
-33
19
-142
37
42
33
-2
-13
56
14
-63
-25
-26
79
1
4
-160
20
26
-4
-82
-41
-118
47
-118
151
57
55
38
-61
-55
66
55
128
-9
75
-80
-36
123
-94
-102
117
-138
13
53
-41
-61
-12
-36
135
-51
5
-14
-33
58
-103
126
-119
222
92
92
-41
40
89
56
38
-55
-72
129
-75
23
-166
92
77
-143
-72
-5
39
-27
69
89
-111
-48
-97
-54
120
79
90
-29
113
38
125
-33
101
154
-74
77
37
68
-33
-69
6
48
37
76
-13
-107
124
-77
67
-51
-143
122
-167
18
5
-117
-26
-26
7
-52
32
-15
5
-112
68
50
-20
69
51
-35
62
63
-56
-7
-24
-23
-197
-162
46
-19
86
-17
-162
-48
123
-104
-67
142
-46
-112
-92
31
30
21
70
66
-95
-67
-31
22
45
42
0
-20
77
95
-14
-73
109
-15
-100
-5
90
-45
-54
1
49
-153
-74
-23
-5
100
29
28
-64
69
-53
57
-5
-126
-77
23
38
-133
-99
186
46
-103
58
-38
-74
-68
20
-56
-26
-14
163
11
-169
-23
-40
-76
-56
41
59
7
-56
-20
1
-66
-37
-21
-58
-30
-36
16
62
60
-19
73
-5
43
-61
72
131
-25
10
-49
15
20
84
213
-92
-40
-63
-175
-83
-83
100
87
-50
26
183
-71
84
82
-96
124
11
-48
-111
23
-192
-107
43
73
15
52
37
-110
-134
-83
33
22
30
-160
-34
-54
-91
-55
92
67
-62
15
169
75
-52
234
72
-35
12
-94
76
-85
-19
65
74
111
4
-19
-68
-82
-108
-46
-13
50
-24
-63
99
8
38
-58
66
-62
114
-84
-89
37
-105
33
-194
112
92
97
40
-5
-19
-64
49
55
-176
29
-21
-96
-107
79
-190
33
27
-42
-114
54
-51
15
50
160
-38
-142
-58
-1
83
82
89
-9
52
168
82
-28
-73
-22
-1
55
-146
70
54
-22
36
-38
34
42
-72
-106
58
-55
-93
62
-80
-52
-53
53
-150
-55
-35
26
-8
-47
89
28
8
-72
-107
-27
26
-55
-64
-62
-67
24
-24
57
1
25
-26
-20
27
27
-65
-137
108
1
-168
-22
11
-24
135
-32
86
26
18
139
-20
17
-38
-85
66
-4
18
33
-87
101
-187
70
-71
3
-42
146
70
-87
-15
42
-32
-227
12
66
-31
54
24
46
75
-118
92
-90
13
44
23
79
50
3
-51
68
-72
27
23
-22
-18
149
-20
107
45
-56
-129
7
-65
-21
-92
19
12
-36
33
-12
-84
-106
-36
-54
28
0
43
-3
-6
121
14
36
80
-142
52
112
65
25
-109
-119
90
-25
-3
-74
-13
-19
1
43
30
116
-62
-32
-9
0
-2
46
-82
-30
94
112
77
-34
-1
-11
25
-94
91
-8
16
-46
135
-142
93
-4
-67
-91
-92
-78
-62
-57
-67
34
65
70
56
-5
17
-57
-164
-66
51
-24
-136
78
37
151
3
-68
46
-89
-43
74
-31
-29
-43
-41
-41
-39
-14
-34
-7
-118
1
88
-132
80
45
-4
38
107
90
122
-20
-8
-127
67
-78
8
35
14
-72
8
9
-1
-66
-93
48
-18
-63
100
-102
-104
74
-45
-17
-8
-8
-9
-130
76
89
44
125
6
29
84
35
5
-13
82
128
60
94
4
22
-101
128
-73
102
-100
-39
-47
-84
17
48
86
-14
15
72
-91
-30
-15
-103
-52
51
-89
-20
31
154
106
94
-52
120
76
-113
65
-76
25
3
27
-21
20
-82
-9
102
94
-6
43
-45
56
-62
-81
44
-81
20
-66
-19
-66
67
35
25
-134
39
-104
-12
54
4
-83
-83
-115
41
-57
79
29
-21
-111
3
95
-28
-42
22
50
-75
132
114
-12
-105
-93
-18
-60
-53
38
142
90
88
-19
-68
-102
127
-63
26
-48
-30
-86
-117
-48
81
-47
-21
42
27
-108
7
54
17
-82
-150
-85
-129
-83
8
25
35
-39
97
50
-115
6
-68
-64
-3
-132
-3
57
2
105
-154
49
-92
-88
-6
-28
145
-79
182
137
12
-93
82
-122
-126
13
-3
-71
5
41
-49
5
38
-143
-89
86
45
-44
-69
38
79
-69
-121
-52
49
34
-36
-16
-30
148
-18
-34
54
7
30
125
-137
118
12
53
-60
-83
-77
94
-62
-83
121
-52
-69
-217
71
-19
164
-33
118
-37
47
-134
-34
-39
67
-106
57
-57
-19
127
-20
-41
69
32
-12
3
69
94
127
59
50
-67
58
48
-42
118
-41
198
85
56
24
52
-6
15
75
52
-80
-169
109
-105
-64
54
132
-10
-63
-51
-140
-149
-59
9
72
16
-53
-88
160
84
55
15
-19
-85
-34
5
30
-55
11
-65
32
46
-143
94
46
39
141
85
-17
-36
-5
26
-20
-69
-145
-48
-45
3
54
-1
163
-104
22
-79
169
-128
-132
42
-122
84
-1
143
-102
76
-62
-85
53
26
-97
2
-73
42
150
39
92
-62
98
21
-16
19
67
-123
43
-14
-90
77
-20
86
40
-35
-9
-85
0
128
102
-72
23
-52
-117
126
143
59
-110
137
-72
89
64
-35
24
131
43
-81
141
-38
99
101
-22
27
67
115
50
-94
-62
76
-77
-11
-95
-20
-67
-73
-88
53
109
-82
-48
-20
-39
29
28
44
7
90
170
25
86
1
12
74
-80
-43
94
-79
-107
0
-120
29
57
15
-51
17
106
-35
97
-81
-37
-87
-64
-89
40
-49
36
-92
-138
25
-151
-38
87
-46
9
-21
-8
110
-57
43
-10
20
-9
-34
-44
-71
-16
-111
-30
-60
13
110
73
99
81
-35
-33
-116
-30
-37
-78
-39
-35
-104
-23
-89
-45
66
39
97
64
-10
62
-112
52
-45
147
-16
-57
68
-69
73
66
52
-5
120
60
-4
26
33
48
-45
20
60
156
17
93
-24
108
-16
-87
-41
-26
40
52
65
-106
39
117
-47
-49
-90
-17
162
-114
-119
-41
76
-47
-104
-154
-51
-81
19
41
68
-78
0
-56
-185
114
-45
54
-21
35
-29
133
99
-67
-190
-18
83
-7
-112
-42
-118
34
105
-101
45
19
40
11
-29
83
-10
108
46
-78
47
-69
-5
-36
27
33
45
-40
54
-120
-155
-27
23
122
66
-29
45
-60
-56
-2
-2
67
-80
-2
-63
-12
-37
-38
-29
-24
-50
-150
96
-97
-105
-45
-31
-56
-27
9
178
-75
79
-52
-40
91
89
-47
31
-68
-15
35
5
-65
-9
-17
71
-32
113
-102
-57
102
166
-48
25
53
168
98
92
53
1
53
-80
6
93
144
93
-59
-92
13
-54
-160
9
-15
180
-161
-36
8
-7
38
-42
71
122
-136
-111
-51
87
60
122
-138
-82
-22
28
1
48
65
-146
23
-97
130
178
-160
73
89
-126
8
-57
-12
-96
38
123
-41
-72
38
-116
-52
102
93
3
-133
-35
-40
36
47
-31
40
-86
-151
19
7
32
155
56
-54
-105
84
79
-83
91
20
-74
43
84
57
-55
128
-50
-60
36
-3
-107
-37
-52
183
-13
95
-100
30
28
-23
86
-23
-52
-59
193
-80
54
106
27
-3
24
155
15
-60
-54
11
-102
-87
-91
-108
90
-181
25
91
35
122
1
29
139
-12
-153
-17
-33
-30
3
-136
-28
-97
90
26
-89
116
-106
-60
-86
81
40
147
-95
57
-85
-135
15
57
-105
-46
-12
17
64
6
119
129
-6
-71
17
65
-54
-49
126
3
115
-43
-67
58
-3
-44
-15
173
-35
-52
-61
155
-69
-41
-51
33
-3
39
268
1
18
-55
-32
-109
16
64
-49
146
-77
120
25
-57
40
45
-52
155
95
-85
-87
14
42
57
-98
16
-101
-97
87
-124
-76
6
-97
90
-51
-25
61
-77
76
27
28
-18
36
89
-43
-70
34
-16
-42
73
8
147
49
39
13
45
66
-70
23
67
-79
6
49
-79
-59
-50
51
71
-32
-42
6
61
-60
158
-64
96
-7
-80
-36
-28
-8
-128
-45
-44
95
-25
-11
-101
-66
47
24
80
0
-51
59
-21
-7
15
49
29
-92
33
-26
-8
42
-58
78
-50
5
-2
-1
57
-100
-74
5
-15
130
141
-6
29
82
30
3
18
-11
-29
68
-41
-91
42
-64
69
-49
1
-26
-65
-129
120
-7
146
-9
68
36
-11
-40
8
11
78
27
-19
-14
-53
-74
-75
55
43
-85
23
-35
-15
-73
-134
-44
-165
24
58
106
-53
-47
92
-67
67
60
17
159
-140
-86
8
32
32
-21
-107
-65
-54
-162
45
139
-33
239
-94
0
88
-3
41
-102
-88
11
-21
72
-47
-31
-1
4
63
74
-197
-111
-233
87
-154
92
53
-68
23
-4
-150
-40
52
21
-27
38
26
113
-96
53
-93
-58
-22
-124
-6
-23
112
10
-43
21
44
-149
-37
-8
-28
-167
-111
-65
-144
-53
9
-54
24
-103
-9
-65
-19
-78
6
77
94
-54
-53
11
-52
-80
0
14
-83
50
51
130
59
-102
91
34
66
-123
8
-11
56
86
-51
-31
16
-124
6
5
64
31
4
69
-99
3
-65
39
188
-50
54
101
-61
38
105
17
212
61
-113
-17
-32
-6
-31
129
-78
38
-43
89
-44
119
-64
-3
47
-23
-133
193
36
81
-59
-106
0
-90
121
-94
-29
107
-10
16
43
-149
62
66
-30
109
-23
-46
77
-49
-38
22
-2
171
-120
-97
87
75
-2
19
27
-95
-103
158
-11
-73
60
-86
-60
76
-85
50
-68
-48
-26
-122
-21
-6
82
125
68
138
-30
-12
-15
-89
-101
-116
51
-78
-72
-89
59
-67
-133
-143
-29
7
128
-57
109
-85
33
89
-51
-85
38
-132
-82
123
-57
-77
49
73
101
17
-119
-101
45
-11
71
-110
-33
61
-49
-33
-43
72
-55
-87
12
25
-158
91
-113
153
10
63
35
-67
-35
146
-60
-146
73
-102
-84
-98
86
-91
47
-22
72
103
38
-5
-68
-124
-24
-185
160
-96
-175
-83
-11
-10
74
24
113
-78
-10
55
-39
-59
-24
58
25
-64
-16
100
-24
9
96
50
-19
66
10
36
5
53
98
-36
113
116
59
-85
36
-72
88
128
92
21
38
136
54
92
-14
6
14
46
-34
204
-71
-59
-101
15
33
36
122
-87
-127
-4
-134
-25
24
10
-130
-51
100
-130
-5
78
-71
-21
-39
29
-46
41
36
2
-55
-71
4
-10
-22
-50
46
48
50
-77
-126
-59
162
23
-21
33
70
-45
-128
-54
-101
69
-163
-55
-7
-94
-123
-2
-49
18
50
110
-55
77
-64
-88
-41
72
26
36
79
-64
50
76
109
59
118
-89
34
-12
74
136
65
-61
44
70
24
-93
-1
145
28
103
-85
8
106
-2
4
-1
56
-55
-71
-108
-70
58
-98
83
-32
-128
-174
-90
-158
110
-135
-79
-41
-32
-72
-85
-5
-5
-50
-40
-82
-80
-22
19
-16
-26
49
3
2
46
6
40
10
69
-16
12
86
-90
95
-29
81
3
-16
142
44
-1
-41
-55
-56
-33
-68
85
21
88
3
-50
-38
-164
10
90
-2
-67
-70
-121
-119
55
-49
-33
-136
151
36
-91
-140
18
-8
-48
-43
89
8
0
-75
20
42
-46
-131
-55
89
127
-103
-13
133
7
47
16
130
13
45
-48
-10
51
-11
119
-44
-72
-135
179
27
-42
91
-129
155
-101
-91
128
-174
165
-5
-83
-108
95
-19
-24
-103
-137
80
25
-11
-28
61
106
14
16
26
16
23
22
148
17
-34
115
-1
78
-66
57
31
-13
-54
-134
-161
-50
-15
-6
87
-13
-43
-59
-15
-33
-39
-96
27
49
90
105
-10
120
33
58
86
27
31
-13
97
79
-24
7
-24
-27
-2
14
-9
-78
-85
101
-86
-27
-40
-47
23
65
-41
31
37
82
-58
24
-16
20
10
59
51
28
-89
57
94
-84
55
6
-104
-88
-122
75
32
-72
-38
-92
117
-60
108
73
23
57
113
-68
135
-23
72
31
6
-131
-9
3
-53
120
-139
71
91
-32
18
138
-139
-73
32
-19
-120
19
53
18
74
21
84
-52
-20
68
43
8
70
-53
-51
151
173
-74
104
0
21
99
-80
-48
-59
-86
64
40
-46
3
-34
-32
3
-157
-93
81
88
-114
54
-8
-30
-133
-119
-148
50
79
35
-85
10
-8
-65
5
-10
72
76
49
42
119
-43
-25
-19
-51
-78
16
47
-50
0
-1
-89
27
131
-57
43
-52
81
83
-13
38
-83
-37
66
-6
22
-20
-133
16
73
55
73
-69
-93
47
-97
-39
30
8
-24
7
98
7
114
-21
128
40
46
-48
3
-72
-148
-77
25
-56
-18
-100
-31
-15
111
-75
28
-26
95
-5
-163
-46
-178
16
13
-118
-4
-77
-26
79
-31
17
-28
33
33
-100
55
-191
-14
8
-10
-36
-14
189
-48
-133
143
49
-27
-46
-35
-4
121
-38
163
-37
72
132
-96
29
-79
18
-119
25
-98
106
11
35
96
-23
79
-109
5
63
5
14
57
-21
-52
3
-6
-47
-126
66
-44
136
-62
44
221
21
45
-26
110
-137
-15
-69
2
34
50
-113
2
-50
22
-19
-8
-90
-62
95
107
134
-60
74
47
48
-119
64
-46
115
42
126
99
-1
14
108
18
-21
-130
40
-90
122
17
13
101
-121
26
4
38
-96
15
-73
118
18
156
-7
-48
-35
44
91
-15
-57
61
-56
107
46
-24
30
85
84
-3
5
-91
44
14
72
53
-66
35
60
164
-21
-17
-36
126
23
60
53
-46
-7
59
-88
-46
88
121
31
-16
50
-50
19
-99
-154
-84
-122
39
113
-125
-16
-111
87
-168
-21
26
-3
-25
84
39
-116
89
-47
159
34
-154
-38
-76
-17
-24
74
91
-7
-133
-53
-52
-74
-80
18
-6
88
10
-18
-8
53
-67
-31
-102
-41
-42
-82
-119
-23
57
-59
-45
6
-26
100
-8
-27
31
-30
-17
122
-12
-31
54
-61
-12
81
23
-120
-5
-37
91
32
65
-146
-15
-82
77
-12
-147
-34
-142
143
-27
-137
-12
-111
-10
-19
128
-54
-33
50
96
-74
2
-89
20
7
7
-31
-17
10
-84
6
29
-16
-119
80
-4
-8
-129
-40
0
26
164
141
15
-15
30
-22
24
-67
-115
-68
-69
-102
-46
-3
56
-79
98
129
93
-23
-2
87
-155
128
91
25
45
65
88
27
-188
-43
8
13
-100
22
5
-55
41
8
-113
144
-34
37
19
-43
-130
134
86
134
90
-8
86
-39
37
71
-36
1
114
36
77
-97
-87
55
5
38
-42
93
-41
-88
74
-70
-39
-39
115
-71
45
37
92
33
-21
120
47
-126
36
62
12
49
-15
-114
10
140
32
77
-65
46
-52
27
-66
22
-72
44
-45
80
102
58
80
34
-59
5
-2
94
134
30
157
8
-10
-48
-84
0
-26
-143
-6
29
-23
18
39
124
66
159
-41
-103
10
-139
-59
-65
-53
90
-111
-16
-79
51
-157
-54
-72
-67
-46
-17
14
-136
99
21
94
34
92
102
114
-34
104
98
-70
225
142
-134
-151
56
-66
49
28
-30
46
-18
-18
-166
-65
66
-137
0
74
99
-69
79
94
-7
15
-36
74
78
57
-66
140
-65
-26
100
45
-118
-15
-36
42
-26
-59
-11
-123
7
47
90
-106
84
7
-62
44
-58
-3
-5
-78
-127
28
37
-43
-140
-3
17
-35
89
59
-27
101
-41
105
-25
8
21
29
93
-25
-5
135
103
-22
-98
77
-2
73
-154
23
12
-4
166
-120
16
-20
-24
63
129
-33
89
-26
-27
88
-131
-47
-22
-26
-84
103
-166
-59
122
-92
-58
-28
-139
-145
33
24
34
-98
-27
36
-121
-142
14
27
-105
145
101
49
-134
59
75
95
-30
73
-114
7
-44
-131
-105
120
-150
-92
22
-32
3
26
-175
82
113
-66
36
-60
-116
-167
-55
-3
-68
91
95
-36
84
-4
-103
162
54
-77
-93
57
95
-62
134
-72
51
57
-88
97
-43
36
1
-25
148
60
-39
90
-48
147
60
153
59
15
-66
62
-128
82
51
157
49
22
34
40
36
23
173
-34
-103
39
4
-14
112
-24
113
131
-58
-35
159
118
-13
-97
-56
62
138
-90
101
14
-16
2
-37
-31
-65
-96
54
109
-8
75
-47
-6
46
-52
39
-30
-10
59
64
77
-52
-90
13
-12
-129
-35
100
129
-20
-11
49
146
-41
11
41
70
8
-120
58
131
36
-1
43
-120
-57
-71
-61
-88
79
47
72
-23
-96
33
15
94
49
-115
114
69
20
-86
-42
-89
105
42
62
-49
116
-3
-20
1
28
-18
-105
101
-62
-31
-8
66
-21
69
45
163
9
-125
10
25
-96
76
149
30
62
-66
66
28
-72
83
-51
-59
-76
-6
-1
-10
-26
-48
-28
87
-173
73
-13
75
-133
-44
-81
-37
-37
-28
33
-95
129
0
-10
-48
13
-75
-47
-135
41
83
21
31
-102
25
48
105
-15
-84
-70
-5
155
-116
51
15
-78
14
9
69
67
-168
62
-118
-98
-41
80
-23
136
-38
-70
-77
105
75
30
2
35
114
50
21
35
80
-60
61
107
69
-63
-115
16
-66
-102
3
-54
-156
81
-15
18
66
-59
-93
-122
89
-42
-35
4
-40
135
89
-43
39
106
-27
-23
-69
-21
-122
108
67
-5
-7
-68
71
-37
-25
77
35
-33
51
73
1
-9
-100
-39
19
5
-89
106
-23
-137
12
-70
-145
32
-94
-25
40
-62
-5
70
53
-89
-103
16
6
-65
-110
-127
-95
-19
-21
29
90
-28
-34
-53
70
-15
-40
34
-113
-17
-66
-151
124
39
-66
91
-54
174
136
34
42
100
140
-58
-81
-70
-18
-47
16
-71
4
43
53
113
0
1
-102
118
214
-7
-37
70
-51
62
-24
-37
2
28
-7
14
-82
80
115
-138
76
46
-77
-86
20
51
-62
57
-26
-113
45
9
127
-93
-65
-156
-93
54
160
-135
-94
-81
4
-24
-95
-52
-87
59
-62
86
20
104
46
-8
-1
0
38
87
-40
-150
-65
-138
-119
58
-72
101
-44
112
-7
-142
14
-24
-4
-4
-152
53
18
-30
-37
68
-32
-78
-79
132
-33
41
-42
49
124
107
-115
-13
37
35
-125
-79
60
19
104
-97
36
96
39
77
-9
-37
106
27
88
-8
-18
71
-49
-51
-73
-56
0
-118
-49
47
-61
42
-192
95
149
78
52
-53
56
-104
-92
35
3
-65
5
86
79
-79
-80
-10
-157
48
15
96
-161
33
-95
-1
-51
52
8
28
113
-51
5
-43
113
5
71
-138
116
-42
49
-11
-181
105
-22
-7
18
-21
29
-102
61
-30
72
139
112
166
-10
-84
-13
69
-31
-84
99
82
-35
37
23
-71
26
7
51
-10
-135
-141
-23
-68
96
55
8
79
61
78
100
40
10
30
133
103
-128
-90
121
146
1
-64
-11
-95
36
14
-65
55
9
-26
63
-40
15
-55
73
-117
-223
33
-109
-143
27
96
-127
-153
-7
-35
-170
62
-11
34
122
62
88
-120
1
-50
-48
-18
-117
88
37
-22
49
-28
54
-134
-95
128
36
-64
-104
-88
28
9
62
-45
30
-18
15
-7
2
-62
-83
-49
13
106
6
-10
94
-101
-34
-6
23
9
-99
-96
67
84
58
85
-39
23
12
72
-149
68
-112
-9
-137
-134
-29
115
57
76
187
-32
-58
-87
6
-107
-79
19
-59
66
-41
33
-83
-16
51
-43
-122
-35
36
-12
-103
6
-120
94
62
-23
81
-82
149
56
-20
-120
-42
32
10
151
-126
35
-61
83
-69
-171
89
38
48
-119
-23
-74
-56
35
-158
-25
103
-93
73
-148
34
-28
-102
-116
-64
-53
-10
67
56
-43
114
-8
4
42
-119
68
-99
78
121
-51
60
121
82
-85
-154
10
-70
87
-52
37
52
29
-36
33
-67
50
-73
43
73
-17
2
-2
-84
85
140
87
44
65
-57
-16
-19
-23
-33
11
-112
108
-92
-52
63
-56
-128
-6
-60
79
1
-41
-118
21
-27
129
-199
-102
45
-220
98
109
45
-7
109
-108
97
-34
-36
-107
-3
22
-105
-27
-86
106
-19
106
-60
52
-155
-80
35
-76
-99
3
-3
-20
143
-207
77
-20
22
-52
2
86
111
73
-91
70
-106
-95
-48
45
-43
9
-5
-209
-72
46
-119
-8
-8
-5
-31
-16
-9
-49
119
-43
59
60
-23
39
1
113
-91
-5
27
69
105
28
-37
38
78
-110
-83
110
19
-79
-43
101
62
-81
-26
-61
-84
-150
-25
140
-61
-107
83
82
-16
-41
47
-17
-141
-3
21
103
8
8
-23
53
-23
83
42
-83
-141
-63
-70
18
-8
90
123
-80
-58
-61
24
-2
-9
37
-63
-24
172
19
-98
-15
118
-24
-75
110
6
150
-41
-150
-47
-131
33
-96
13
45
89
9
109
-12
49
-121
109
-113
-18
118
-92
26
-75
0
-43
117
-52
124
8
-66
10
-109
159
31
-146
155
44
46
34
-28
-4
-39
63
72
52
-160
-155
-89
-15
-76
20
-83
-77
4
-49
45
56
93
6
-87
-6
61
1
64
-108
103
53
78
-48
-87
-94
-101
20
76
-29
6
81
65
-133
-219
-51
-6
-81
89
-16
-91
37
43
-100
64
64
-50
-177
106
119
133
170
-110
-104
-121
152
-23
103
-172
-102
169
-116
46
-34
106
-11
20
-91
-96
10
34
-43
-61
47
109
98
77
24
-128
1
66
-59
-17
-64
-20
0
38
105
-89
105
106
-51
-110
55
-54
145
-82
-90
17
-106
-68
32
22
-64
39
132
-98
105
-31
-99
-69
-22
-56
-133
37
-79
1
-5
-15
16
25
14
-145
-101
-26
-48
-32
92
-57
-60
-20
-20
-1
-8
62
37
-83
37
16
81
77
133
-44
31
106
2
-80
-5
-42
139
92
-169
15
109
-32
-13
54
-11
36
37
-14
-81
83
88
-46
81
-128
-85
-57
-51
17
16
63
-75
97
-31
-34
37
-33
101
6
-37
18
17
60
-87
-57
-19
-181
0
-46
32
-73
102
-15
-166
-40
-136
-3
51
-85
12
-66
-15
111
-24
-6
78
99
-49
27
136
-83
-45
21
81
-105
103
5
75
64
-25
-106
79
5
99
-56
-184
-24
135
-58
-85
52
31
0
87
-155
-123
-18
-133
44
115
101
75
52
-88
9
20
-156
95
-47
-42
60
-10
-88
25
-23
52
33
39
-63
31
24
-9
182
-53
28
-96
-112
-133
26
-46
167
40
66
28
-118
-92
-86
-211
-26
45
48
118
19
39
-104
-44
36
-7
91
-112
-119
-5
12
-39
35
53
-56
66
-12
-122
-86
29
20
104
-110
-64
21
102
19
-50
-45
140
-42
54
85
-8
34
-139
-73
-164
22
-24
42
-48
67
-101
51
47
91
-119
122
18
51
-126
-17
120
-19
-40
-6
111
85
61
-60
114
50
-79
-23
-112
-122
16
33
23
-52
136
-60
-45
58
-35
34
46
-11
99
119
112
-22
96
7
-91
40
63
40
-7
37
-92
48
145
48
105
23
143
75
-93
67
36
-59
-14
-18
32
-129
9
-32
56
88
197
-15
-30
-10
42
-9
62
-165
116
-28
-34
-114
135
59
-12
-41
-103
-72
-77
-149
84
77
4
60
138
13
-175
-59
-117
24
91
-10
6
38
-6
63
-26
-5
-43
56
-123
-151
69
-178
-40
-115
-57
31
194
3
-25
12
63
102
76
89
-49
-157
-41
-12
13
146
39
72
-51
126
158
37
-68
75
-162
70
-42
-74
89
28
41
60
1
128
72
46
32
-102
-129
-215
37
65
-68
-122
-100
-123
21
160
69
91
-56
-61
-182
-18
32
62
-16
61
143
-97
42
-44
-35
7
78
60
-2
-13
6
-13
-78
100
68
-6
3
-58
-23
-108
101
141
4
-3
-95
24
56
-26
8
-122
38
46
101
-25
44
67
137
113
-94
-123
25
-13
40
-32
-70
74
44
-151
-60
-6
70
-183
-143
15
45
-80
-80
33
-44
-20
32
37
-11
147
-89
-1
5
97
30
-7
-65
-74
-26
36
27
6
-15
18
100
-41
-24
36
-127
-4
-188
-5
29
-16
44
180
111
15
-94
-44
-29
-71
47
-69
25
-21
-90
-26
-180
31
44
-33
-9
-51
3
-20
129
62
51
77
26
-49
-13
-36
43
-16
-126
146
-52
-40
-11
-64
-1
-9
-72
-20
-33
-127
62
-41
88
-6
-74
-53
97
5
-56
-56
44
-85
-1
18
-106
208
52
112
-15
-52
-33
37
-12
106
-16
-24
-74
-131
10
91
76
-122
-60
-113
66
-81
70
-46
186
67
86
-2
-68
-103
19
-9
-46
-131
-81
15
91
-120
120
-77
60
59
-43
55
82
-115
64
187
6
46
13
-71
-107
70
-92
-29
22
49
-67
-41
-25
153
47
84
-58
82
-119
-24
-29
150
27
33
87
-120
93
-51
-43
57
-113
-42
87
91
64
-114
-1
115
-87
-14
-78
-10
71
37
-46
-68
42
99
54
-110
-8
-65
-125
-89
114
60
-33
6
-16
1
11
-1
-62
106
81
-112
129
-51
-12
127
18
-93
-33
59
65
-42
-54
53
-81
-26
-62
124
71
4
75
-64
-34
8
-2
23
47
194
13
-87
17
77
82
53
-17
125
-11
76
-66
71
14
-3
-192
93
-99
3
39
86
-122
-83
42
-99
-21
-143
-109
66
65
38
50
-36
136
100
-1
30
-27
54
29
-176
-4
-2
59
74
-95
116
-20
-49
137
-62
20
-114
-33
36
-25
-3
98
-101
129
28
-64
78
-48
75
-89
-40
80
-6
17
105
93
182
71
-53
92
-96
-11
78
-27
-68
48
25
-78
-44
-72
-152
-37
-15
0
85
103
115
-151
81
73
-54
4
49
-156
-58
-20
-46
88
-148
151
18
6
-1
14
-63
-171
-10
48
180
18
31
33
152
-22
-85
8
94
-11
-20
27
166
39
115
71
73
16
136
15
-48
46
-4
16
-14
15
14
114
48
214
-24
105
-95
98
20
41
-126
89
76
-25
-26
109
26
-38
120
-113
-69
-103
-28
85
-40
67
-84
-52
109
-60
9
91
-87
-54
-62
72
102
-18
95
126
-94
-184
163
-58
-119
-8
37
-85
-112
52
68
37
-28
-171
47
173
-24
-107
-39
46
-15
-7
-72
-116
37
73
13
21
-54
103
64
-11
74
-33
111
123
36
-42
97
-71
14
19
61
24
30
-148
26
-89
-10
-57
120
-36
-73
-164
38
52
58
94
-44
-68
37
-114
-38
30
-102
-80
39
-38
89
2
-27
-61
-86
-21
-119
-144
-111
50
1
-7
-64
-41
-2
67
-113
22
-86
2
-111
107
-108
-83
-65
-108
130
23
-13
0
-67
70
-30
-127
44
141
57
-40
-99
-130
103
-17
-88
-4
40
36
-111
-19
-4
80
108
72
-50
155
3
-80
102
-156
-12
200
-37
150
-71
25
32
-153
23
40
112
36
-41
-73
-46
-4
-15
-16
133
-47
48
-54
-79
127
19
105
78
141
140
-118
72
7
-50
26
138
-40
-16
-26
-27
-88
-45
26
-169
-75
129
-57
-136
-112
109
98
-9
147
34
-62
0
-107
144
-79
66
-57
63
-28
-109
-78
-63
107
-44
57
138
94
-109
-44
57
-94
107
-36
5
-77
-109
175
-104
97
149
-27
-21
-21
6
61
-19
17
-1
78
17
73
41
-91
15
-32
172
-59
110
49
27
45
-65
-53
110
-23
-58
-41
-50
-199
10
-23
-43
-51
24
65
84
-159
16
-157
57
78
46
-68
-113
7
-112
-3
-48
-177
30
-63
134
14
-66
13
-64
-18
-35
-6
-78
78
-50
-6
129
-104
164
7
-59
-109
69
-73
-51
134
11
-69
-126
-26
-17
60
126
49
176
-77
-89
46
-3
66
-31
77
24
58
-41
-6
-45
-43
-14
-137
89
63
-30
-82
19
107
-65
31
14
-48
-15
82
-59
21
-39
-11
-42
27
84
-13
57
-98
-41
-25
84
19
39
51
156
-4
9
-103
-125
-23
156
-106
-84
-4
13
-33
30
111
-17
19
-31
-14
76
-69
-93
-152
58
-3
-27
75
38
-53
-75
37
-54
128
-57
-29
39
-80
-75
-80
-34
-45
53
42
-26
-95
-77
43
-84
38
76
103
50
-83
