12
46
31
7
-45
-80
2
-43
6
-98
35
58
29
36
11
86
-102
-37
-8
-103
-33
-16
49
21
114
48
14
9
65
-69
68
58
10
-51
-30
14
-93
-51
4
45
29
-69
35
76
24
39
58
25
94
-85
-14
34
13
20
40
94
2
-8
-27
36
-44
-91
-23
-25
11
-10
45
45
-82
93
-20
-77
1
-25
32
-37
-40
-47
101
-14
49
-36
-71
128
-47
-6
-70
-34
-22
-16
-28
-1
-48
-12
35
160
127
19
46
116
-31
75
74
-3
-48
11
33
-60
-8
-85
-58
-7
60
16
-102
-73
-9
-29
-90
2
-74
16
-54
-131
82
-1
7
120
15
103
18
60
-141
92
-68
53
-25
12
3
-68
-40
-22
-38
37
49
9
-53
33
-9
80
-111
-28
14
95
-8
-13
-22
7
72
56
57
28
-52
99
-9
44
-29
75
-13
68
-16
-29
5
-1
-49
85
-1
-93
72
-7
-24
-41
-5
-42
9
-123
-47
20
38
-52
90
19
14
-35
-22
21
-13
66
-9
37
21
-20
-44
5
-79
33
74
34
32
88
41
-76
-14
1
-2
12
85
27
-19
-11
31
-5
-33
-28
-16
-82
67
-36
-11
161
11
33
-16
-25
-39
30
-49
-89
62
58
-89
-38
33
-7
21
74
28
5
10
-54
18
-23
-103
-74
-8
9
28
-40
-56
-47
-64
55
-8
-9
9
8
160
-84
-23
0
-14
-69
93
3
28
39
52
-33
-34
-101
49
10
79
65
-20
-57
31
26
6
104
34
7
30
127
-84
-35
41
-99
-157
35
3
-115
-42
-1
-110
-5
2
39
-28
52
9
-75
21
26
-25
65
-75
54
28
-56
-53
18
-78
-70
98
-3
8
30
26
-6
32
-21
72
-9
-79
16
132
20
-1
-12
-7
-48
-44
15
-44
79
-112
-78
12
-26
85
92
-63
48
-42
-26
35
-33
-7
101
-29
-30
16
-61
27
-41
-34
63
71
-10
26
-1
13
157
35
51
44
50
-8
39
-34
20
46
38
-45
-54
66
-1
5
-44
-8
50
-7
-17
36
2
17
32
-39
-119
-31
56
-62
-34
-97
67
-27
22
23
27
70
19
20
78
60
-60
-33
46
-34
5
16
10
-36
-78
-80
97
-4
3
-40
61
53
-9
39
19
-10
-40
-27
-1
-24
11
-86
-21
-23
13
16
28
-83
-16
-16
68
26
-118
6
1
31
-2
53
-83
-151
-17
-3
-59
-6
18
-22
-29
-22
-87
-74
28
27
23
23
-9
20
-40
-146
-103
-106
49
-3
42
-37
4
45
-24
-27
39
-3
-64
-35
-54
35
-13
-44
4
-40
-43
-109
89
26
28
34
14
22
22
56
-9
16
-37
19
82
-6
-27
-102
-52
-12
7
-74
-57
147
49
-20
70
-47
25
-100
-84
-56
-69
87
-13
-39
59
-40
-36
-17
0
-12
-14
115
-26
47
33
-18
-12
-9
43
57
-14
-34
23
-38
22
26
-19
124
-16
-64
-2
-104
13
44
-4
-43
89
50
-9
111
-5
-22
61
4
106
41
5
37
30
-5
34
49
-14
-36
-45
-10
58
-3
-20
-12
0
51
-39
56
22
-9
33
-21
-18
-1
-21
41
-22
-10
-9
43
10
62
66
-84
29
19
115
-70
85
-9
-35
-106
24
-22
-76
91
2
63
-54
-34
-3
38
-162
100
4
46
-75
50
117
32
24
-100
-14
43
-46
54
17
39
-51
-37
-27
21
-32
15
-94
-60
-34
-39
21
-46
73
49
-37
28
-106
45
22
-30
-42
-41
44
16
5
47
-113
-54
-27
8
30
64
27
42
70
0
18
-49
58
49
-49
56
-5
52
44
-1
-10
83
-14
51
4
-72
51
0
-41
73
58
21
-71
-20
73
32
-12
-24
112
5
60
-117
-33
-50
56
-101
52
91
-15
47
56
-23
105
22
-19
-26
22
52
142
-40
141
-47
-15
32
50
41
-132
-21
-92
87
-18
-100
26
0
78
0
41
36
-5
43
43
5
6
66
32
-21
46
-39
-123
0
-98
70
-14
35
15
-22
27
18
-57
-28
-45
10
-1
-27
-59
-36
4
-152
136
47
-28
-23
32
11
-12
-17
-2
28
60
-74
40
8
-91
24
-35
-159
30
25
30
-58
2
-67
-22
28
-36
8
13
-103
11
33
55
-47
5
59
81
26
9
21
-40
62
11
-102
-3
46
-6
-50
-68
-59
-30
6
-26
-7
90
-47
-69
21
64
-37
25
14
-62
-14
-9
159
2
57
-40
64
55
58
-51
38
-37
67
-88
23
47
-15
15
32
-31
-82
-49
-1
80
-29
36
-75
8
69
13
-15
59
27
101
-73
14
35
-12
-63
41
-47
-67
65
-52
-53
17
40
-56
-153
-2
-17
112
6
24
-13
81
68
-10
-9
-8
-46
30
-31
-77
61
-21
83
21
36
-77
12
3
-13
2
27
38
21
12
65
-9
-4
30
54
-58
-36
-68
-10
-34
-43
31
38
-73
39
44
3
12
37
59
-29
65
-67
-58
62
8
31
36
108
89
6
4
63
-16
23
20
136
-16
18
-6
69
-19
-10
30
44
-41
29
20
-38
-8
-37
69
-76
-2
-47
-89
53
-12
-40
-54
-25
-23
-11
-1
-21
-19
5
-67
-10
62
60
90
56
6
-74
73
10
-48
63
35
3
45
48
24
32
-5
-61
49
-102
-62
82
14
-46
-79
-7
112
-143
-10
-27
-12
-117
-49
-14
18
-27
25
-65
123
-73
-56
-32
71
34
-68
11
-34
40
3
2
-71
102
-38
-68
49
-71
21
-59
-90
-65
25
57
41
28
64
24
-62
81
15
-35
-57
147
8
18
13
-50
48
-72
153
5
-16
-59
-42
-1
26
1
25
27
70
41
64
-65
69
-23
-17
-12
35
60
41
-22
-52
111
-10
82
-36
-17
-22
43
-46
-50
20
17
32
-39
33
57
22
51
20
-49
-82
-123
37
-34
-35
-6
-30
-13
5
43
-3
-48
42
34
14
1
-8
-15
-24
138
-5
83
19
17
75
-15
-41
85
-10
27
-33
46
-111
-80
48
-115
-72
56
70
23
75
-25
-11
25
-27
-150
-6
29
78
-8
55
106
74
-121
24
-53
94
-61
145
32
66
-28
-64
-106
5
64
-81
34
-65
32
-8
34
112
84
3
186
21
167
-31
59
-6
-40
-4
-52
63
-24
-65
-42
7
-74
9
-10
-5
50
37
-6
-45
-4
-6
-101
-122
72
-16
40
11
-18
105
-67
-35
13
62
7
39
-22
34
36
37
-32
72
-16
54
-69
-89
-84
36
-59
-38
1
11
-46
-10
13
0
-4
-8
19
63
67
-64
-39
68
2
-67
-6
-12
-52
-45
129
30
3
35
-99
43
15
21
13
61
66
22
61
77
-39
-59
69
-15
-33
-8
63
-20
-61
71
-44
46
61
-96
-85
51
-3
79
64
-24
-20
-56
51
-24
11
-21
-5
-129
-18
-61
83
4
92
-12
54
-83
12
-89
32
-24
-54
-97
-7
46
72
-44
-81
-95
-37
-19
-83
-5
-48
20
55
72
28
-21
55
-32
32
-19
51
-18
124
-90
-78
-42
-25
-41
-57
11
-7
6
106
-46
12
-28
10
44
39
-60
-108
4
-109
47
-60
-77
-6
-23
16
-79
6
-2
4
62
-68
85
-8
-3
-53
11
36
-11
27
-28
38
38
47
-5
74
-45
16
27
21
-146
-38
-30
-11
-44
-55
46
35
59
96
-47
70
0
-69
92
5
49
42
76
-35
-94
-27
-89
-49
34
55
32
36
49
-1
108
-37
93
17
-19
14
-33
-15
-24
8
-46
-37
13
-110
25
-34
-18
3
37
-1
-8
-50
-34
20
-72
45
95
-7
-24
20
-3
73
-26
52
-3
-29
46
70
-91
41
-38
-8
42
-81
-5
14
-19
14
-13
37
62
21
-78
70
82
102
42
-3
103
-16
-62
31
81
40
43
50
-25
68
14
82
-40
20
21
118
147
35
9
-15
7
-83
-76
91
-100
-70
-13
110
-10
59
34
81
-101
8
66
7
8
-14
64
-98
23
44
101
-62
13
-45
24
38
-20
-90
9
-99
-8
58
56
-30
-15
-41
-82
15
95
-48
-79
58
110
-76
105
-77
-41
15
-79
-20
16
106
11
41
30
36
-36
-14
-49
21
64
-67
-55
-32
-66
-103
-5
-23
31
42
3
80
82
-73
-6
-73
-40
13
-23
-70
13
10
69
20
78
-25
68
-33
68
-15
37
3
-159
-23
1
23
73
-27
48
-34
-44
-53
16
-79
23
72
52
29
-101
-67
1
-117
46
-43
30
11
31
25
-72
-37
28
-57
87
52
81
1
52
17
-23
-71
-74
-74
-6
58
-21
-54
41
65
-72
8
-21
62
-59
-94
-22
53
-9
40
44
-36
75
-57
-29
-53
-67
-89
58
24
-43
2
52
-40
41
-64
20
-64
-38
-4
-39
-78
11
123
59
79
59
92
19
8
-14
-31
-1
109
-47
-9
-145
44
45
-33
-24
-1
27
-45
-58
-68
-81
93
-8
-13
-35
-59
-35
-102
-35
-23
1
52
9
44
-19
12
83
19
151
-17
113
85
14
-65
-36
-33
-26
47
16
-1
51
55
49
23
-13
119
10
-50
54
-33
112
-48
7
-78
81
-17
43
-1
-60
50
28
24
28
81
23
16
31
17
-83
47
-25
-99
-89
-10
53
51
-3
37
95
-162
28
39
-56
-57
-34
64
-110
-89
-22
5
-76
-62
12
66
43
-77
-35
30
-4
47
-57
23
13
49
4
1
-59
112
11
-27
-30
-14
-47
21
-85
-55
59
74
-67
27
99
5
-97
10
-40
-11
-52
-30
51
-98
-68
28
-20
-53
51
32
114
20
71
91
-56
-27
15
-17
13
36
-80
2
-12
-10
-29
0
-27
-11
-5
-10
59
12
-45
-9
51
-33
-10
31
85
-37
-88
-11
49
-20
19
16
68
40
-59
-34
-60
58
-13
-81
45
63
22
18
-81
-1
-33
62
-4
-28
-58
-50
-6
-2
-25
26
-46
-13
56
33
27
-16
-49
-19
57
25
-56
84
-29
-46
107
-49
-7
-10
-57
18
-107
39
-83
1
-51
-27
60
71
20
19
25
42
-17
8
6
-13
-3
75
-90
-45
50
55
42
14
105
63
22
-35
28
5
-7
39
-14
18
-24
62
6
6
-45
-27
-53
51
-33
-32
76
-71
-55
-116
1
-8
-61
-17
-11
59
-56
-23
74
-103
22
-19
29
23
-100
52
-142
-52
29
82
-20
-59
3
-69
-66
-102
4
79
16
-21
119
25
-6
64
8
46
-18
-34
6
138
36
-38
-104
11
68
-41
13
-22
19
2
-4
-48
82
70
16
19
41
-80
17
107
-5
-12
65
-29
-17
-70
9
68
-17
43
32
17
28
123
-1
59
-58
-6
6
125
48
-24
-27
5
-6
92
43
65
50
-23
-50
6
-66
-5
9
5
111
44
-7
-10
0
43
21
-24
-42
50
53
61
65
-119
121
85
16
32
-23
27
-47
31
-94
-10
24
19
-30
-33
15
-59
-13
-53
-8
67
-4
50
-18
-30
-60
-160
44
0
33
-28
-6
-39
-134
52
29
-20
-52
-30
-9
86
58
-7
-48
16
6
-53
-38
-102
84
-34
24
-12
-71
20
58
28
-53
-2
15
35
-64
25
24
-36
60
81
-14
-80
41
-85
72
8
-81
14
21
-9
-23
-66
-8
-38
-43
-5
-46
121
3
-37
22
-22
-46
13
-50
17
48
88
-64
-81
88
39
78
42
-74
-25
59
-85
82
85
-5
40
58
11
53
29
-18
39
-47
65
22
34
-43
-27
-50
3
-30
-73
76
3
88
38
5
-36
-88
-82
-17
-28
79
45
31
10
-55
-53
-27
-13
-35
78
-49
-52
25
9
-76
-32
-111
-23
-60
55
-17
-41
-130
75
51
-38
-58
92
70
84
-15
-90
85
-8
43
-53
-10
33
53
67
-8
116
-70
11
-48
50
113
21
-34
-36
33
26
-59
-78
-69
21
9
-30
-113
37
42
-11
4
17
-11
1
-9
21
23
16
62
-73
14
76
55
32
-23
97
152
-1
32
-111
17
-75
71
-53
-48
-28
60
69
115
17
51
-76
5
8
-41
-23
-105
87
-57
18
-87
-36
-33
-40
-33
5
62
-2
69
-12
-68
16
-67
58
54
4
-80
-33
84
-37
9
-8
75
-45
-58
24
-39
-69
-32
-8
59
25
72
-12
-41
12
27
-41
51
50
-51
81
7
47
80
41
-30
33
31
47
-6
15
-88
17
-2
-126
-81
-70
12
8
18
65
14
76
45
21
-39
-55
15
70
39
28
39
-79
-22
-37
0
-50
120
-46
-69
-50
-37
-54
-11
-68
-87
78
48
-26
7
12
-123
-44
59
19
-9
65
12
37
-16
-4
-2
88
-15
-2
8
-4
-35
-188
-94
54
-10
-2
30
-19
9
22
-29
-123
46
-38
70
-106
24
-52
27
92
16
-13
-23
7
50
-44
2
47
-22
27
-54
19
47
-43
1
-5
-7
40
-50
51
-23
23
40
32
-67
25
42
-14
-33
36
35
17
-82
-35
-37
71
7
-51
-45
-40
78
34
-61
-55
-24
60
2
48
67
-34
5
45
-52
-138
58
80
51
61
-28
114
-27
43
-13
-45
-45
-55
55
78
53
-1
27
-44
66
48
9
9
-92
57
-20
-55
12
106
27
-102
26
-62
-11
-4
-5
105
-101
-45
88
-15
-25
22
-81
31
-31
32
-15
-56
64
90
4
-33
-26
75
8
-50
22
70
-42
106
-20
-58
-25
-15
-55
-49
14
-33
-97
-19
75
-25
5
-29
23
-37
38
-12
-4
83
-21
-12
48
-85
96
8
-81
-119
-13
-41
-30
-49
-28
-2
88
40
19
-11
58
-117
9
25
-70
-70
6
27
-45
52
16
-20
65
41
42
40
-86
66
-58
-46
-31
63
11
-91
20
24
-55
24
75
-95
-58
-13
13
47
58
-137
-60
31
50
-21
-13
-48
-23
15
26
-33
18
38
-2
10
-77
10
58
-25
-61
29
-54
3
38
-59
78
50
0
7
-29
92
20
-92
-12
-13
-2
-36
-10
18
7
-27
51
2
95
-27
47
-125
-64
58
-21
-106
16
-72
-118
21
65
48
130
-14
9
-57
64
-52
-93
-16
37
97
-24
-7
-19
-3
-52
23
-90
24
-44
87
-118
22
57
-9
-18
-72
-102
37
57
-138
103
59
8
-3
-57
-18
-6
113
109
-39
-42
112
35
63
65
16
-84
6
32
67
23
-2
5
15
13
49
18
24
110
15
-56
36
-28
35
39
22
16
-50
-48
-96
104
-22
-65
85
-9
-49
24
30
32
-42
-62
-99
40
53
144
59
-31
39
-29
31
41
50
16
-83
-38
-80
49
-15
-27
-62
10
-63
-15
1
-55
29
52
-24
14
-33
-32
-35
-17
-40
-66
-40
19
-90
45
-23
-99
19
26
-4
-79
15
34
60
-64
86
69
-92
-9
-47
-26
40
56
-19
-73
115
-40
30
-40
28
54
-134
2
-42
8
-5
27
58
-4
-14
49
-74
-18
-95
26
72
-20
110
-18
-142
2
16
30
-16
-8
56
-44
71
90
-107
-4
65
64
-69
67
-8
-15
52
66
-115
-4
-12
-134
-22
12
79
91
-35
5
-29
3
-62
-54
69
-99
-116
-60
44
70
38
-118
73
-20
55
18
85
-74
144
-55
8
-50
29
118
-56
62
-40
31
-106
99
-30
18
-32
-42
52
9
-18
66
16
-18
35
95
-6
-29
-39
-50
-132
-6
30
-46
-35
-23
51
25
-57
-4
38
86
-49
-51
-1
53
21
-32
-35
-18
15
31
82
-44
24
-29
-170
-16
92
-115
12
-3
34
-72
112
0
8
24
20
-90
-69
1
-13
-20
23
81
98
45
49
-98
49
-58
39
-12
16
43
-14
-33
-108
-70
80
-121
-17
-60
24
-46
-2
-43
7
-15
29
115
-26
-130
-14
0
-12
-45
-57
-18
5
-27
-6
-3
-28
-43
-35
-53
-32
61
58
28
102
17
-42
15
-102
86
-30
47
76
63
8
-77
19
-36
-23
1
18
-23
1
-90
76
48
-43
-99
-8
17
31
23
-113
35
3
23
-17
-83
36
61
-62
13
-43
-75
-24
31
0
32
-31
-41
-10
3
-28
-15
29
40
50
51
-16
11
-14
-88
23
29
-7
-21
-55
44
-9
105
-23
-15
-15
58
6
64
-10
29
-11
-48
-125
-32
-19
87
1
25
-25
-72
-66
-43
-75
49
25
-8
-50
-29
43
-20
29
34
-52
-44
-13
-7
19
4
-48
5
-11
-66
-5
-12
52
49
57
-7
21
97
135
-9
-73
-5
63
-24
-42
-21
-97
8
24
6
75
46
-77
47
10
1
64
22
126
0
51
-94
-101
71
47
-35
-24
-46
87
44
12
39
-14
31
37
-31
-39
30
31
-19
23
58
33
14
37
4
-59
-26
11
21
95
-19
-38
44
-92
-33
-75
-24
35
-28
81
-72
31
102
74
41
16
22
-57
81
6
-19
-1
35
-4
100
74
-46
-45
65
32
-36
-6
9
-5
9
-8
44
-2
15
-6
-10
-85
-2
23
59
9
-12
-13
-24
78
33
-100
-59
50
10
-47
-23
13
28
-68
-55
47
40
-38
-54
-54
-8
58
2
94
66
88
94
36
58
8
33
75
0
-28
-5
-48
139
-90
-37
48
6
26
15
94
-29
36
4
-50
-74
57
-14
-44
-65
-96
-1
-80
-73
64
-26
-29
42
13
-27
9
-20
-6
116
89
-33
-52
33
-5
-13
39
-63
4
-10
-9
18
25
-32
-51
2
13
-44
28
13
28
-13
1
-106
30
112
90
26
-14
-58
-49
28
-69
13
100
21
2
8
49
-48
-36
-23
-61
-87
-20
37
84
77
-51
-80
-9
88
-64
-21
-48
30
50
-11
16
-43
26
-43
20
77
8
18
22
-6
-4
7
-67
96
81
-24
74
-59
-14
30
61
-30
-80
73
3
-33
-125
10
-94
-23
147
-36
-11
55
-41
10
-9
16
31
-34
75
-139
-40
6
-30
-20
-4
-12
7
47
92
0
-7
78
41
19
-25
-1
4
-97
33
-18
-3
22
-100
82
31
-26
13
8
-5
-30
112
-29
-52
65
-38
2
56
52
8
-86
-30
1
-83
94
-24
26
-21
-35
18
-1
-139
-106
21
57
-18
-3
-11
21
5
-101
-36
33
-57
-23
-23
-20
-79
13
-35
-38
5
42
-7
-81
-87
-12
10
2
36
-49
14
-5
103
-17
-54
-26
25
-35
-3
-39
57
90
101
-8
26
9
32
-6
57
34
-42
-13
-148
72
33
53
-3
82
162
84
36
44
-72
25
1
34
18
-67
30
-26
-65
55
-61
33
104
-73
-3
32
-54
74
-67
-32
43
-13
-51
-103
40
99
-33
-81
6
65
1
-30
-15
-34
-4
2
4
26
-92
-19
-40
65
-29
39
-67
5
-126
43
-9
7
-121
25
-38
13
-5
-89
-31
-35
30
23
0
-22
-41
-5
5
14
-12
56
-77
-95
53
-25
30
-2
43
49
-27
-23
-61
47
-22
33
4
-22
-79
2
29
-13
-90
3
-20
-115
55
39
-4
70
-70
15
-93
10
70
-63
69
59
2
15
44
80
-57
-1
-37
-29
3
17
0
-58
66
71
-49
41
0
-2
-59
-51
11
25
32
16
77
67
-1
11
37
4
-13
14
44
54
67
21
-55
4
6
-66
144
-66
21
-87
18
-30
111
-43
-45
-41
-12
-15
63
-8
-31
-26
60
45
-22
-23
-4
-53
-53
-15
-13
74
69
68
1
5
-46
30
23
40
-14
9
-117
-28
60
-4
24
37
-29
-127
-79
156
59
-103
60
-18
-93
-42
31
35
21
112
-2
-59
-5
-37
-26
-16
21
-29
-10
57
-36
-18
76
-17
89
-2
40
-117
49
84
6
36
10
-95
2
65
-38
-48
16
25
93
17
11
60
-33
85
46
-77
-4
36
-38
42
-148
-10
8
10
-32
-114
93
33
-2
-103
32
-40
-37
-28
37
10
83
-16
-45
10
-50
-76
0
-28
48
99
-70
33
26
69
-36
-98
9
55
-93
-52
-16
7
-94
-33
11
-58
12
69
2
-119
57
-73
56
-21
-58
31
-6
-42
-54
10
-61
39
3
8
8
-96
42
-20
45
-38
17
-67
67
50
24
45
55
41
95
-42
24
42
-79
-48
4
-63
-26
63
134
-44
52
22
-42
-37
-71
8
-12
17
12
39
-149
121
-75
141
-40
9
-49
47
-67
-86
9
33
-41
-32
-27
77
-15
-30
-32
21
-59
3
40
70
-65
31
42
-39
66
-27
85
34
51
-2
52
41
-5
80
101
11
-11
73
65
-26
-61
93
46
22
48
-31
-76
66
20
26
9
58
24
73
-36
-101
-20
76
35
-34
40
-10
-98
-7
113
-69
-68
120
-15
-31
-4
24
-27
69
-2
-114
-22
-73
-75
-21
-80
83
-47
47
43
-60
45
9
-9
34
-58
32
-87
99
-41
95
-99
-25
-38
-19
-4
15
-35
-30
-64
85
-15
51
118
4
59
-115
-40
4
-100
-42
54
36
1
-72
-15
4
-28
21
-113
-1
-10
44
-102
3
-13
92
21
-71
35
69
-13
16
-60
71
-53
28
-23
20
38
31
-36
8
122
24
-31
24
-103
12
24
118
-34
46
21
7
148
-30
-29
5
-16
104
76
34
95
53
-34
59
58
-41
24
-79
-14
-93
13
-56
44
-15
63
-6
-38
30
-98
57
-17
83
-17
5
81
-84
-72
-18
-58
-35
3
10
-112
-30
22
22
50
19
-30
100
-38
81
28
-49
52
-106
45
-85
86
-53
-26
30
2
-7
-38
-2
-82
62
49
-72
30
118
-37
7
10
18
-38
-48
15
72
-11
-17
-59
99
-3
-24
30
7
33
64
61
-34
20
-55
-94
77
7
-27
45
113
-21
51
-93
-32
-6
-114
-23
-37
-65
-31
-67
160
29
-18
-94
12
-18
-3
-131
83
-37
-8
39
-13
72
66
-62
-75
26
8
17
38
-64
81
30
-47
-66
-15
-56
13
65
-23
-73
40
-50
76
-76
-76
108
39
106
33
-39
89
-44
-51
-13
-45
22
-7
33
68
19
-36
-19
-17
-24
61
68
13
-30
71
28
-6
43
26
1
35
2
-29
-27
32
-47
43
-27
-17
36
12
12
-19
5
-33
-57
4
-1
60
17
12
69
-55
35
-17
-25
-52
86
-76
18
44
67
-23
-4
-34
-57
14
175
-20
6
99
-91
48
44
-3
-40
-10
62
-57
118
53
108
13
-113
-26
-72
2
-50
33
-98
-11
-10
-3
60
30
30
90
-78
-59
53
63
83
-58
24
-53
-109
93
-83
-7
-37
-10
-18
-9
54
41
-33
-60
-20
-56
-23
63
21
30
78
-144
-20
12
-35
33
59
40
-51
-100
-5
-72
0
-93
25
-78
64
6
-26
-87
7
-18
-25
-8
34
82
2
-34
68
-51
43
-19
57
-60
-15
-70
5
-16
15
-112
30
-31
-39
61
37
-51
28
3
-64
32
-44
-60
54
-1
9
42
-33
0
26
1
13
-59
-3
-56
-45
0
24
-27
5
122
-70
-44
-8
-43
-43
-65
29
-31
-34
-93
-7
-8
-15
99
52
37
-8
28
-18
-40
41
54
25
-2
-50
26
-56
-120
21
-21
9
9
-46
-69
65
50
13
-44
4
-53
106
90
86
117
-48
33
-46
-7
43
-76
-72
41
-40
8
103
40
26
102
-20
-59
-13
-87
47
18
57
-60
-88
-21
136
49
-33
43
-6
17
-79
-63
-72
15
42
-50
-29
-14
27
-80
-11
34
-81
-163
-2
-13
-7
58
38
14
82
42
-2
66
-10
-94
-92
-150
-59
-140
28
15
-25
40
50
-21
38
16
11
-50
62
15
-63
30
70
-49
-31
106
20
76
4
77
-22
4
-86
39
-79
-22
-77
25
49
-63
1
7
-2
41
-157
25
-7
-3
-14
-73
58
-6
-29
-21
15
-43
16
23
-39
34
66
-50
-12
-79
-6
-80
-81
-28
20
-32
-14
-66
-69
-73
-19
21
-125
38
75
70
25
-14
101
-1
-57
13
3
75
13
43
88
65
-49
28
14
49
-35
-68
22
-17
63
56
81
52
-26
90
-79
-4
69
-41
-34
-11
105
-12
-44
-89
105
60
15
75
40
-23
16
92
18
19
63
-14
74
3
-31
-76
4
44
-94
17
-42
-27
53
-55
-25
-20
33
-11
-22
29
19
24
36
186
-43
-84
-55
-122
1
39
-105
-24
16
20
52
-90
1
68
67
-41
1
17
-77
-36
17
-36
6
-66
37
83
100
11
51
58
-17
-91
-55
-86
39
8
18
-31
-59
4
53
-30
50
80
-55
90
21
7
57
31
-127
131
105
-22
-33
36
132
63
-30
-21
23
40
122
-118
76
-18
51
38
-19
-4
-39
54
-25
28
54
118
-84
-16
79
20
20
122
-21
-108
87
34
-67
-20
24
-19
-26
-51
-23
-89
67
12
7
23
-60
-92
-77
-47
-35
78
-20
61
-93
-44
-60
-37
91
13
-98
-18
34
-103
-34
106
39
32
-5
24
-115
63
-27
12
30
27
43
42
-45
-63
-36
-19
-18
57
36
96
52
-2
-132
113
98
-12
26
50
24
10
43
-40
-49
-6
-2
33
109
72
-80
-53
25
27
-79
-102
-9
30
-46
-79
11
-21
-90
-146
-111
32
11
72
33
-1
-10
116
96
-38
-87
-61
-75
62
-1
8
64
-58
9
60
26
-18
-48
66
-47
11
-39
68
-11
-11
-36
-37
8
2
-8
39
-22
-13
-10
-76
26
0
-111
58
-4
0
-35
-14
33
19
-43
-36
18
8
-13
-51
55
-68
66
-51
58
-29
-4
136
34
6
58
50
15
96
-32
-13
39
59
-12
29
36
45
74
0
144
42
1
43
-7
27
90
78
10
14
-90
-36
38
-35
75
44
-56
75
-10
73
-5
-15
-7
22
-115
-20
63
-30
-26
-42
-83
-9
-3
6
43
-32
-6
8
71
54
21
-41
-118
46
2
31
33
-7
-48
79
87
59
-85
91
4
28
1
-35
11
5
3
32
67
-76
-66
-116
-4
68
-85
-44
-39
67
-13
117
-18
63
63
91
94
23
-32
23
2
-20
-52
-87
-21
-13
55
66
82
4
-49
-50
35
-74
93
31
9
71
125
39
42
-120
-8
-6
9
-68
25
-13
112
96
-15
-7
-12
84
27
16
-1
63
34
-8
59
-97
38
63
3
-103
41
56
39
28
-10
-14
6
-41
92
-13
-122
48
-47
-13
-16
-89
8
57
-43
-50
-1
-7
-54
45
-40
-95
-8
18
-54
-6
-12
-41
-19
66
-56
-6
-17
-3
8
-23
-11
-55
-51
58
36
16
59
-54
-73
-7
34
2
-14
-7
65
-70
-28
89
128
9
-42
-25
33
30
-94
16
21
1
88
-102
-51
64
-16
5
-44
93
-41
77
-56
-54
-14
-123
-41
57
37
72
36
-8
-37
51
44
-6
-82
95
23
38
17
80
46
15
-30
-18
108
10
-40
-17
42
-64
-13
-25
71
47
-21
49
38
73
24
-52
-6
-11
-10
-11
7
-53
58
13
-46
94
-72
37
-55
-29
-63
41
62
11
17
24
130
88
-54
-83
18
91
4
-10
-13
12
91
-48
-18
-33
36
-57
44
50
-171
-62
0
-110
-3
85
79
-90
4
4
-46
70
1
-68
-3
-12
10
-50
-22
-17
-75
-25
20
-3
10
-44
35
24
1
0
39
-34
-53
56
-59
52
55
-70
-1
-61
69
-58
32
-49
-26
43
-47
-29
85
-32
81
36
-115
37
-20
5
107
24
-9
77
30
-76
11
-35
13
9
-69
107
-4
-24
-94
74
133
1
80
-90
-2
7
-85
69
81
61
-7
-21
44
35
29
-54
67
-14
73
4
-29
61
0
-40
99
93
-31
34
-43
-8
37
30
-33
-23
19
8
-16
-11
-54
24
23
19
46
-87
-79
-46
-75
-85
24
44
22
56
-33
-19
39
-20
-51
-85
60
4
49
-35
20
50
-75
-14
-102
-115
-47
-92
-65
38
-20
-49
49
34
-60
-85
47
22
12
29
29
20
-34
-48
-23
36
57
9
4
81
92
-3
-41
-5
37
5
47
-39
74
-44
93
-102
20
35
-63
138
-65
-4
27
8
-24
85
-82
2
49
-79
-55
35
72
33
26
33
44
-42
91
-64
-10
-10
-24
1
67
-6
-20
-46
-15
52
-46
-78
127
-94
-12
112
-50
-27
9
-70
-27
187
82
38
43
37
5
-68
17
-90
-50
22
-70
-43
4
-48
-91
142
19
48
-7
-22
-19
55
-21
-51
-24
36
-49
83
-68
-73
42
-1
-48
-42
-18
-79
-35
-72
-33
-18
-27
79
53
17
-124
45
36
-33
-21
-32
-30
24
43
38
10
-46
24
-80
-33
12
84
42
3
-70
99
-113
-12
-15
16
28
-91
38
-12
-8
37
-31
33
23
3
-29
102
-13
67
55
14
-19
-64
16
-8
2
-69
-50
-21
0
-29
11
25
-69
40
-21
57
9
-96
-55
-38
-61
34
71
-6
71
-103
52
112
68
156
4
-64
-95
-1
15
28
-8
-9
-2
75
-66
55
-40
-69
61
-93
118
-25
-1
39
4
8
-68
50
-86
-13
-46
11
-84
20
-97
57
-37
38
5
45
27
12
-30
-57
71
-38
-155
1
56
38
37
13
6
-14
3
-8
8
-120
99
161
97
-65
83
-16
16
150
-40
-76
-77
87
8
35
-6
-3
-50
-12
-101
20
-49
-18
-82
-40
-14
-61
-4
67
0
-120
-61
-44
33
-14
-9
1
13
-50
35
-96
-28
-62
76
24
45
22
61
3
-65
36
-76
-19
21
-66
-59
13
-24
-3
-117
81
16
41
-76
99
-82
11
-130
-15
23
23
-43
-17
-17
-13
179
5
45
-58
-12
-22
-39
-2
57
-94
48
96
-78
25
-11
10
-13
-46
6
61
87
22
52
4
-14
4
-3
-51
77
45
-30
57
108
-2
-4
100
-55
90
67
-39
114
6
-29
-21
89
121
-61
-44
35
-60
-9
105
21
-40
36
21
14
-57
-52
-33
-54
66
-15
-111
-29
10
153
-21
46
43
23
50
80
-2
47
112
5
42
101
4
-67
-84
-32
-39
-13
12
108
-40
-8
10
-59
-1
63
63
-45
19
1
-10
-19
10
53
57
-64
-16
-45
-48
10
-26
34
30
3
28
25
-9
-32
-75
-22
-39
-95
10
3
67
49
-29
-21
-57
33
-80
43
-8
-52
-76
13
-46
-7
-16
3
34
-4
8
-18
76
42
-57
-97
69
-8
-75
-109
-35
13
25
56
-90
-21
-86
-4
-44
-103
22
6
28
-72
-16
94
-31
-13
11
58
-37
-13
-15
2
78
-34
78
-36
94
8
5
-46
11
64
6
119
28
-126
-31
-16
19
-58
-14
-21
-22
-6
-9
-50
8
18
15
26
-47
-14
-28
32
54
12
78
-24
2
3
121
-104
20
51
31
-75
91
54
-96
-98
83
-37
-7
1
39
48
53
86
-35
-88
-66
20
-32
-73
22
-18
-36
-6
-13
-78
-74
2
-27
-46
-43
19
15
-36
-58
-16
-70
-79
-104
-40
-35
30
1
-10
22
-10
-30
37
-44
18
3
-60
-54
5
94
-99
-27
-51
11
4
-20
-18
-25
-9
17
-10
3
42
32
-38
-29
51
-25
107
-18
42
63
7
-25
22
14
110
29
44
12
65
45
97
-16
-101
2
33
-86
6
-34
61
-38
17
92
17
-23
49
-104
-73
-11
-39
21
8
150
-3
-23
-61
-81
43
31
-92
-55
81
38
-37
40
1
1
67
22
52
66
19
36
-36
18
13
87
64
-83
37
-22
58
54
-54
-16
15
4
56
20
92
-54
73
-11
7
-114
32
-53
-37
94
14
-1
20
27
36
-20
41
46
119
-38
32
28
124
55
-35
81
94
-85
-3
-89
55
-57
46
-56
-70
-19
15
-10
-11
28
132
72
-60
31
27
75
36
-2
-13
14
13
87
58
47
68
-6
85
-27
-53
-50
47
-12
-81
40
78
37
2
4
33
28
-74
-5
-30
-44
-144
21
-19
-46
62
-42
-47
-60
-43
46
-35
-55
-51
109
-82
-7
30
-29
32
-27
-20
44
77
3
-3
35
-50
43
-74
-3
23
40
29
-15
5
15
-7
10
8
43
-60
-57
-118
60
-4
53
8
-88
10
29
52
27
-61
39
2
25
23
-2
-54
-66
-17
12
-89
-113
-33
-2
31
10
79
60
68
-28
-67
17
2
0
39
-16
45
18
11
6
33
-21
-38
4
91
-2
29
49
35
49
13
117
17
64
83
27
6
5
39
2
24
79
39
-45
-31
55
-62
-7
26
53
18
118
-28
-11
48
14
-17
8
87
54
-22
-23
15
-27
59
-23
-35
-96
17
10
40
9
18
78
28
41
-70
25
-18
-81
40
-71
-89
-28
59
-54
24
-68
-10
-66
38
-39
31
44
26
-27
28
-119
-39
-36
-39
86
-121
19
-48
61
-57
59
-66
69
-20
-31
16
-66
-13
-22
24
15
74
28
-78
5
-79
68
-15
-86
-70
-17
-34
-29
62
0
56
-1
80
4
51
-47
22
23
8
24
1
59
-14
32
14
59
-5
5
51
78
67
-84
-61
-23
-1
88
-26
-5
24
-24
-80
84
38
6
-77
63
26
67
-57
15
-7
29
56
-14
68
-85
-16
24
45
-25
72
-60
-130
-55
104
31
-40
55
67
-39
-31
-109
-18
28
29
13
69
39
74
9
-26
104
66
-7
-1
-73
-13
97
62
35
5
118
-56
-141
3
6
-39
73
19
138
125
47
-68
8
-82
67
-28
10
-20
7
-40
17
-31
-112
87
62
-30
7
-41
-3
12
-20
92
-35
6
43
-74
-31
-31
-39
-99
1
7
65
63
41
30
-2
-44
-68
106
118
48
-28
-55
-56
11
-125
-45
10
-4
-3
-87
47
63
74
-22
61
36
-25
66
-23
27
84
-39
12
81
42
73
-139
-78
31
-21
16
57
-37
-39
39
52
-12
-31
74
32
30
10
36
-33
-25
4
-79
66
-64
-8
78
-7
55
-53
-48
42
-37
-73
-53
18
-48
-125
59
-63
-23
33
-19
-9
-64
-37
-35
33
-1
43
-12
-29
64
-23
14
45
16
-28
97
-14
72
-3
-20
-22
43
114
25
-41
39
-2
-25
-20
48
5
53
-17
61
89
-25
11
81
-5
-31
42
122
-99
63
92
-29
31
29
-29
57
47
-72
-61
-23
61
86
-63
-25
18
-6
155
0
12
-14
68
61
30
-3
-17
46
-13
42
-28
-15
-63
47
-70
-41
-75
-135
41
-10
-8
-35
-56
-4
89
-20
49
-34
104
123
95
13
19
7
-65
-1
-34
51
20
27
-66
39
46
4
-18
3
-40
33
39
-31
52
-23
-6
49
-27
-99
-85
52
133
-121
23
7
-90
120
85
-54
25
-70
69
98
-60
-24
48
-17
84
-13
8
-7
-15
-28
-51
4
10
-1
-43
-117
22
-47
41
-62
44
5
10
-73
-69
-19
59
-9
-11
66
65
74
45
-2
-37
-27
28
0
18
-56
60
58
40
16
56
25
-2
0
37
-98
-17
-10
107
-66
-62
-4
20
53
-56
13
-3
57
-14
-1
73
69
-96
73
55
-24
-11
-6
113
19
72
9
-15
14
-106
-17
50
69
-123
8
-56
-32
-5
-24
76
-89
98
-14
-104
8
-36
-85
7
56
-111
-28
-83
22
-105
-30
42
-8
61
-17
7
51
-36
17
-24
-59
79
-5
-7
-11
-7
-114
16
-40
-10
53
21
56
-17
37
37
72
-10
-64
6
113
23
55
77
43
38
-34
-42
44
-65
-31
-15
-67
-18
-35
50
-63
-24
-53
-83
-67
-51
72
-8
-24
-41
44
136
-15
-41
27
-50
68
30
-71
-5
5
77
109
-3
16
-55
42
29
-73
27
0
-14
12
10
-92
27
39
-40
70
-7
5
20
-13
-90
-85
-34
-31
25
-63
-87
-17
53
-11
60
-10
-89
-65
71
-109
-25
-16
-63
77
6
-5
88
-13
-15
41
5
64
9
23
3
7
-61
9
-26
-23
40
48
-109
-13
-63
-57
-91
-16
35
40
14
116
-69
-34
-85
0
-11
-31
37
52
-56
-44
-8
-14
-43
109
-36
11
-104
16
55
31
17
56
-9
-26
-29
-56
81
-75
8
37
2
-76
-70
-26
91
58
-16
15
-14
-14
-132
-57
74
-3
-13
-26
11
52
0
16
-48
-41
-65
-44
54
-21
124
-57
-12
87
64
21
78
-17
-65
17
-54
-67
-125
20
4
-47
-25
19
-47
8
66
114
-109
-87
-50
-18
-33
47
10
53
-37
91
19
44
-25
-84
-76
18
32
2
-22
-50
46
7
55
74
-27
-43
123
14
-43
-51
-49
-26
26
-92
-16
-103
-10
30
42
1
75
79
-43
-11
8
38
-50
-105
20
-84
28
-107
-8
-115
12
23
-81
65
111
47
31
-58
4
-7
-25
-59
60
-2
23
-54
-29
27
-67
77
-8
-19
-139
-19
42
-21
-3
40
-12
41
-23
-33
-62
-173
23
56
125
61
-85
-98
34
-7
-16
-47
47
-40
-44
-5
108
-19
58
-60
-73
9
70
-87
32
-10
27
-22
-49
-31
-51
-31
36
-4
41
137
18
57
-95
-32
63
-3
80
78
96
-46
-4
-48
10
14
-23
107
105
-85
-60
-13
-72
2
-37
-3
-105
-89
53
65
-82
114
-16
-38
57
-31
-39
-32
21
31
-6
19
-73
-43
21
54
-101
28
4
-28
62
-37
0
70
6
91
10
8
87
20
-18
-77
-62
49
-9
5
60
51
54
-22
-74
129
-71
97
-121
8
-33
34
-5
48
-56
-39
-4
-94
14
-6
12
-107
119
10
64
-70
15
-45
17
-9
-10
20
79
-7
78
36
-19
-68
119
-21
36
53
-26
-122
-2
124
70
9
-26
18
5
-76
6
-66
18
-103
-25
3
54
-24
30
125
-35
-59
15
-108
7
-15
-21
69
8
10
15
-3
-1
97
-22
-144
-37
109
5
-83
-23
4
8
55
-36
-55
-31
-11
133
-39
127
14
34
-21
-41
72
63
31
37
24
-38
28
99
16
-5
34
-23
22
62
12
35
132
-97
117
-14
0
19
33
-59
-60
-50
46
25
65
-23
18
-14
46
-110
-14
-86
103
-41
40
-54
42
4
-1
-4
37
34
-17
81
-78
-11
28
5
3
87
18
-14
-16
67
-5
47
-110
-88
-18
139
32
1
30
33
-39
-75
39
13
8
-73
-91
74
13
7
74
-20
-51
-65
-87
112
-105
-1
-18
-54
90
-114
-5
136
-1
-3
-9
4
34
55
78
40
26
-21
21
46
-72
31
10
7
58
-15
-14
-28
-72
-50
-5
9
25
-81
29
-12
-46
-38
67
49
-77
-28
63
-1
43
-91
2
11
-52
-30
-38
-53
-19
53
62
-44
-50
-102
61
6
49
-21
20
29
89
-15
-37
29
-58
7
-1
-6
-33
8
-65
23
37
153
-19
-41
-46
-42
-33
17
-15
-18
35
15
-3
22
63
46
24
45
-26
-4
40
38
28
96
67
82
-15
-49
94
-109
-23
-59
-59
8
-139
-10
-3
-10
-59
8
-68
-97
87
66
38
-9
32
-96
-141
-5
40
-57
-79
40
-31
35
30
-18
-25
-21
26
74
-79
-50
68
78
-60
1
72
-136
93
48
-38
-75
-17
-45
99
27
15
-65
23
-58
127
-86
25
-6
-83
-61
-8
48
-52
71
-133
9
-72
-35
105
64
-39
110
-11
60
62
2
15
1
-122
81
87
-48
13
5
77
43
-16
-16
-15
69
-51
-8
52
-51
-20
11
27
9
13
-34
-32
-35
79
20
-68
-19
-51
-25
-107
88
64
85
70
-19
-28
-8
-27
59
62
-10
19
27
52
-102
-1
-92
-45
-38
-95
-2
-56
26
3
36
79
2
-22
-19
101
60
-27
-50
-8
-72
-98
71
55
-51
18
78
-50
-87
110
-29
43
-3
-23
-9
43
-48
-80
5
33
14
73
5
21
110
36
17
-111
7
-93
-3
89
34
-16
42
52
-50
37
-8
-7
-23
-6
27
-16
-62
90
-36
14
15
39
72
25
14
-50
-32
-100
93
115
-16
-53
18
-14
7
-68
-18
-10
-4
54
112
-60
-91
82
30
52
14
61
34
-21
-65
-36
-84
70
52
31
90
143
-56
28
17
-14
30
-45
-37
19
-46
-132
0
11
-54
65
-5
11
-30
-5
-20
-31
-55
48
9
0
-12
64
-7
35
8
-48
14
128
-36
-61
124
16
69
61
21
37
-27
-40
83
15
-23
-58
-56
15
45
-58
-24
14
-52
34
46
-73
40
9
-23
-6
169
-61
25
-34
-101
70
-92
-2
-48
-5
20
-58
-141
74
-79
90
51
-22
18
-2
-14
51
-29
-79
1
-45
-81
-147
26
-47
-117
61
-57
47
-53
64
-1
-23
97
-2
-12
125
-25
-11
62
16
-22
-2
50
-49
84
-32
-33
-19
-2
-38
-50
-61
-38
-17
14
34
43
27
39
87
-32
40
-52
-76
-10
51
-39
64
-43
92
-16
24
36
9
22
-57
-15
-11
-40
17
-40
131
-40
81
0
25
-41
12
9
37
-3
-70
-28
-134
-39
38
21
-23
14
-28
-3
40
-4
61
-7
-34
10
-18
2
67
-40
-32
38
-5
15
5
16
28
-85
30
40
-69
-46
119
42
-63
-5
119
-22
11
-46
-15
27
-87
17
3
147
-28
51
-29
-51
-63
25
-58
-27
-24
29
-43
6
-57
-5
-66
-5
52
-51
-132
-54
-10
-10
82
-14
-12
48
-90
10
-24
13
39
-28
-47
-1
84
-33
16
78
-56
-72
14
-68
75
75
94
35
-8
1
-3
26
10
4
118
0
29
17
-82
-7
-33
-7
-41
-77
-21
-93
-39
13
-41
16
-4
10
-2
41
-123
-47
49
-3
-7
14
-60
-58
-7
-77
44
5
-43
18
0
-95
5
-13
17
54
-86
-9
13
-102
13
64
42
53
112
-12
29
-88
27
9
15
58
-34
-38
-69
33
-11
-42
11
33
1
39
-117
40
107
49
-127
6
-24
47
8
19
62
10
-12
-10
-28
-44
12
-51
-117
-28
-33
13
59
-32
-36
33
-62
-44
88
54
9
82
-23
95
50
-45
74
-101
47
-34
77
19
-29
-30
-96
-56
-70
51
41
-62
-40
-59
-49
-24
120
11
-10
21
-19
-63
43
-25
22
-77
57
40
2
61
-19
48
13
-27
-40
-18
-3
-112
-97
98
-78
-28
-22
-9
125
-73
32
-87
45
88
-22
-46
27
-20
14
3
-2
34
-17
-23
48
-9
-44
14
-76
70
69
-48
0
-36
-17
-27
4
-19
-5
-21
-2
-27
-55
69
-37
49
-41
-65
-45
20
-20
125
97
-39
46
-43
-21
37
23
-115
-3
-65
-22
-45
-51
-51
0
5
67
56
8
25
-84
69
95
-111
21
-77
80
-2
-14
9
5
76
27
37
13
0
7
38
42
47
-11
19
10
-78
-45
-42
77
-59
-42
-35
22
-3
15
48
-38
-76
-2
44
95
90
-8
2
24
53
-17
65
45
80
118
37
-19
-36
-88
-21
55
42
-25
22
-78
29
52
-70
0
66
-23
-64
-1
47
3
0
132
24
24
-44
-29
-63
-26
-64
-3
-84
-79
23
24
64
78
56
-38
74
-27
-68
-26
-52
-121
-73
-60
78
-54
-23
-35
-107
-45
19
-56
-9
52
1
-28
-70
61
-27
-84
30
88
81
1
-54
-73
47
-38
-16
-57
-18
-90
-27
38
-89
41
90
-36
-27
-18
26
85
-34
50
-40
3
50
-7
-79
38
16
-84
-38
69
-89
66
-67
-133
-27
4
26
37
34
33
-58
-74
-2
87
-123
5
-36
6
18
-93
-73
78
4
-133
-48
-52
-9
45
-42
114
-63
-92
18
104
-25
-86
-27
44
108
-39
27
-44
-85
-24
2
81
6
36
-35
55
62
4
-54
-96
84
-11
-109
-86
-45
13
-20
38
42
40
-43
-36
-78
-46
55
18
9
44
-16
-6
95
70
62
71
-43
10
97
-5
-13
60
10
-52
13
-94
-15
-10
11
-47
106
2
1
47
-54
-58
-65
138
-29
14
-28
-111
88
-1
46
47
85
-20
-29
-53
-54
-46
-32
81
13
-43
2
44
-83
64
-30
-100
-51
78
64
62
-66
9
-17
33
12
71
-51
-11
18
-51
29
10
51
-111
5
-90
-79
54
-40
60
-16
-46
94
-98
-27
-12
-32
61
80
-71
12
62
-27
218
-49
22
-54
27
8
68
-64
25
20
-53
30
13
39
34
-36
-76
33
-23
43
-8
55
52
44
5
-4
137
-27
65
51
-39
-10
66
-40
-33
84
7
141
-7
35
5
-15
-11
-43
73
3
-27
-54
28
84
14
45
43
-11
39
-68
-43
-52
31
6
66
84
-109
-67
-45
78
31
87
26
10
106
-21
36
-80
-14
66
28
-45
13
-7
-37
67
-16
-102
100
1
67
69
-2
-126
79
-30
-24
6
33
-4
53
-7
31
-42
-37
60
-90
-65
33
61
-48
84
-49
-26
-13
34
-51
28
9
-36
-38
63
86
-69
40
48
20
12
-101
-12
98
5
-104
-99
68
-61
-26
-23
26
10
-18
-67
-37
36
-15
-6
-52
-30
76
-8
109
45
68
50
-30
-55
21
-19
40
-18
14
30
-4
27
65
20
81
31
64
43
-24
-23
-30
6
32
78
-116
39
51
-47
-25
40
52
-42
-76
163
-31
-45
-92
11
23
27
-55
7
99
-81
4
-64
19
0
57
34
15
7
-53
28
42
54
27
-15
-19
129
0
-41
7
-42
28
32
37
-145
-20
92
-29
-78
5
21
29
62
72
-6
-35
36
21
77
44
-32
-76
20
-29
29
-50
-40
-29
-14
49
-14
-18
13
2
0
-38
-25
-72
-76
54
-29
-2
-67
40
23
-52
2
-9
98
-3
-14
57
-81
-5
161
-17
81
62
-40
-17
-29
82
9
-45
49
-15
-3
11
78
74
27
-1
-150
54
-47
-110
41
-68
59
37
-47
52
-73
-11
42
-19
-68
27
-91
-7
-28
-68
0
-15
36
-80
36
-24
59
-46
24
-24
-51
-92
38
56
-87
60
60
-56
-85
12
57
14
-13
48
11
-97
-30
39
60
109
-23
-13
-52
-3
-2
52
-22
82
-7
-31
49
-82
56
231
17
11
-8
35
-3
-26
-43
71
47
-24
-106
-122
41
-23
-40
-22
-81
-74
36
18
134
18
-76
59
-2
34
34
77
-33
20
25
-121
-70
-68
23
-10
83
38
-45
-20
12
1
-4
54
-107
85
-16
-48
-15
-37
-56
25
5
-93
31
-12
13
-12
-31
-38
-29
72
100
-18
-7
17
2
75
-16
-46
51
-37
-29
18
-94
45
-77
83
-65
39
-102
86
-44
53
51
-49
89
6
-10
24
54
-78
87
33
-24
-78
-11
54
53
76
22
-12
25
81
68
58
-31
-30
-8
-28
-3
141
-81
34
39
-4
-69
-53
68
95
38
18
-62
-13
-83
13
41
13
25
-7
190
17
27
-10
-52
1
-39
36
-90
-62
-56
19
2
106
-21
-26
42
-11
-15
-79
42
-74
-42
75
-44
18
47
-64
-40
89
-30
14
52
46
73
33
49
-74
52
1
-83
39
-76
39
79
-130
14
-39
-6
10
-5
79
-77
-4
84
76
-27
-9
-26
20
-88
-42
-69
-95
-64
-7
49
5
-58
-3
-2
-29
-65
-35
63
-44
44
64
-38
-37
45
-10
28
6
23
-90
25
41
-20
-10
20
-32
-35
111
-57
58
28
5
7
-44
47
-61
24
3
94
-96
-53
26
-6
33
-55
69
10
-6
-45
120
-5
-1
-104
-32
11
38
-102
61
-90
-85
21
32
122
-18
38
13
20
-59
-7
-79
18
-9
52
-6
11
66
-17
-39
78
2
-17
-49
131
-85
-67
2
77
-6
26
64
121
-27
-25
-10
35
-16
48
11
48
-68
-75
-55
0
8
17
7
6
68
-92
-76
104
-13
22
-117
61
34
47
-8
11
-24
60
0
-18
-8
18
-11
71
4
-55
37
-75
-26
-29
-71
-24
2
-51
4
-44
-19
5
-64
-6
-19
-81
14
51
-80
2
-37
37
63
-63
31
17
-69
-28
48
-70
72
52
-7
35
110
-34
-6
-15
26
-8
-28
-82
-46
-12
-11
-12
-114
13
80
4
-57
-81
-60
-23
-63
135
-61
25
-51
-50
26
-15
36
32
-100
13
75
20
82
-95
-18
-2
-36
16
-65
22
133
5
-39
-5
-6
9
-93
9
-45
109
-34
-37
-31
18
110
9
-50
-12
33
27
32
3
-45
-54
66
40
30
-23
-17
-88
33
17
-72
-51
-114
23
35
-18
-91
-62
104
23
-3
89
-32
-10
-16
-35
109
62
81
80
8
-28
-54
46
52
37
-35
84
-38
-42
98
-20
-90
14
-51
4
41
-17
-38
-20
-78
95
102
41
85
25
59
28
8
131
-28
67
19
56
-77
-86
-63
44
-103
28
-15
-2
-58
-3
33
22
36
22
-13
54
72
36
78
25
100
111
69
0
85
155
-11
132
55
43
157
43
8
-82
-11
-4
47
-13
-19
-1
33
-28
-54
67
-81
-16
-58
-27
-40
44
-6
-24
-3
43
-38
-108
75
5
-7
-13
-52
66
3
-29
-23
54
16
-29
71
-20
-63
31
-1
-84
16
18
19
69
123
9
71
-57
56
117
-48
-57
-38
-37
42
12
-18
52
84
-86
-58
-85
3
-44
-138
-39
-17
68
-15
-21
9
-16
-79
-76
14
-61
-20
-2
106
68
-93
-14
-21
24
24
-21
19
-29
114
51
-5
28
28
1
93
-39
61
24
59
-28
37
-93
37
97
81
71
36
-59
-6
-28
55
17
48
50
34
-3
15
-41
11
21
-72
-38
63
16
63
87
20
18
16
-23
35
-16
-42
-31
22
7
11
100
-31
-32
37
87
-83
-82
-88
4
66
25
-126
24
-20
-106
-60
-3
9
-36
-10
-60
77
40
5
-17
12
-12
44
47
6
143
-16
30
-36
-74
-3
30
33
97
-34
-41
-49
-61
38
-8
-11
-41
-47
-59
4
-46
-83
10
93
64
1
-12
39
36
-140
-14
-4
-35
13
-17
35
33
-63
150
47
-70
41
-25
57
59
47
-23
10
-28
-26
14
-77
-76
-22
91
4
-57
1
41
-85
91
18
-9
70
-113
109
-9
-71
-11
-47
-54
91
-91
-79
25
171
-2
131
-115
-7
-14
43
-32
-100
-40
48
-11
23
59
-83
-30
-6
-71
7
-3
10
7
57
28
20
56
-10
31
53
-22
-13
7
88
14
-55
-106
-34
-34
6
-24
33
-9
-37
-37
-96
87
96
78
43
-30
94
22
16
-21
13
-76
-2
-70
-30
76
51
24
-89
-79
56
-22
8
-53
-49
35
-34
-66
-43
-47
-114
-14
-4
-13
-105
14
-41
38
1
-96
-34
-1
30
-87
-53
-20
47
-12
24
3
85
-124
21
116
31
30
-21
55
-89
76
5
-80
80
116
-88
-53
8
-71
-16
32
-123
-75
17
34
-90
89
-29
91
-16
27
-18
50
39
50
-40
62
31
-119
26
-58
26
-23
66
-39
92
-11
63
-2
84
-25
-101
-14
-9
-18
-51
32
14
-95
-115
9
-47
67
-66
9
15
-59
49
5
-122
41
12
-14
-34
-26
-76
31
-22
56
93
-88
-18
-23
38
-6
-70
-15
11
-29
-29
21
82
-13
-22
28
83
12
-121
37
-1
65
-46
-3
-50
9
-8
-14
-11
67
61
-22
24
17
-47
44
36
68
-87
29
35
17
-40
-16
59
19
-47
7
24
-27
-74
-43
22
122
-6
-34
-47
42
40
40
-49
22
-32
93
50
51
-19
-59
4
3
29
-18
40
73
8
55
19
-11
58
-71
20
-70
4
51
26
86
51
7
17
16
-75
45
-32
18
112
37
85
-70
55
-2
55
52
0
53
0
31
-138
-28
-44
-4
-113
38
-41
-4
-3
70
5
34
2
-80
45
44
-7
22
18
38
-63
73
29
73
56
-144
-15
-52
-16
84
107
2
-12
39
-16
-47
70
-13
35
-25
88
0
-52
-31
42
-6
-93
14
24
53
-76
24
-34
-11
-8
41
10
-49
-12
-42
11
-116
25
-49
-19
-66
40
26
28
61
-4
31
33
58
69
15
48
59
-11
-35
5
-53
74
18
-33
-55
43
-29
80
53
-1
23
-114
-56
61
33
-2
29
-23
-21
-100
-83
36
-17
47
-45
-9
34
63
-77
-11
-61
43
31
11
84
59
-50
-36
-28
86
-99
50
132
121
-18
15
50
-31
4
-4
-122
18
-66
48
-53
-89
-31
-12
-90
-18
-49
29
33
-9
18
-18
-78
26
35
62
36
-56
108
-49
-10
97
88
-76
-37
-26
-78
4
6
5
-87
-38
63
18
40
54
-112
3
-36
-18
-41
-52
0
29
5
12
66
-1
-11
58
-6
-49
53
-38
-102
-22
-72
-50
-7
57
67
-55
-1
-25
-43
65
-75
46
15
-70
10
-43
-48
-41
39
-34
-28
-59
-39
9
33
-15
12
78
-26
-40
-57
-31
62
55
-30
-12
-36
23
-30
-3
-43
73
3
-27
20
79
15
-53
67
-49
0
8
47
0
-45
-57
-8
-74
-79
-24
-13
90
50
-103
4
-22
-46
-19
120
55
-100
6
107
-60
-20
45
-28
76
82
55
-56
-18
-10
-28
46
40
-1
18
-67
5
-41
9
-103
-138
-3
117
-44
-49
-30
23
-120
-5
19
32
-15
6
-46
-78
7
100
34
-44
8
16
-93
-2
-31
22
-92
41
0
23
-93
35
6
-35
95
35
41
31
123
13
-75
-27
-61
24
68
35
50
-22
9
52
52
-65
6
20
-48
9
38
-7
43
45
-53
-28
-70
0
32
42
-33
-66
28
-93
53
-90
-1
-4
-31
-6
-3
-49
-46
-23
37
39
99
84
0
-63
-33
19
95
-52
-35
-92
-65
31
-61
56
133
91
-4
84
-2
-12
-32
2
4
-1
-71
29
13
28
83
-50
-49
-52
-121
1
30
17
41
-69
81
70
35
-54
0
74
-70
-16
-55
40
26
32
-47
-36
24
-54
-60
-125
-53
62
-58
9
-29
-1
68
62
-41
-41
-67
-46
-10
40
-7
28
55
-37
-43
106
-55
71
6
-80
-42
46
52
45
-3
-5
-5
-3
9
51
43
17
-84
47
47
38
-17
-45
-39
42
-19
79
20
-41
-27
26
55
22
-45
-42
-31
-40
-137
-10
70
47
-131
136
-63
-44
91
33
-47
-17
99
56
-82
24
-73
2
59
-11
-19
-37
-40
9
31
49
9
-21
61
79
-34
60
-82
-86
-120
-50
14
57
-47
47
-52
-42
-36
17
-37
-6
-5
-4
-6
-57
169
-42
0
-58
-30
-48
-23
46
-33
-13
-1
58
20
0
74
114
16
19
-19
9
-32
-10
53
-121
-33
-11
81
-104
4
74
-42
71
13
-31
28
130
-128
-28
47
42
-13
0
-42
54
-11
-16
-35
150
-38
54
-87
80
-40
-10
-60
-46
39
-6
-68
-11
69
-23
35
-31
-17
-22
-59
46
-1
-103
-2
2
112
-39
-22
53
-44
-28
126
58
29
33
-32
102
-20
-40
82
14
-19
46
129
-54
-68
61
-30
5
-83
33
-16
21
14
-34
-131
-29
21
20
72
11
82
-37
-21
67
13
-12
50
68
-93
26
174
109
7
-61
-139
47
-23
-29
4
-48
-30
5
-32
98
-40
12
-28
65
-46
68
7
-27
-63
6
-34
-40
120
3
-30
21
-5
-37
-83
86
-5
42
-35
19
42
-46
95
-68
21
-15
-1
-7
62
23
34
24
104
28
1
5
21
86
2
-37
18
-19
31
35
38
70
-7
-81
-31
37
-89
52
46
-18
-50
-47
32
11
-37
-12
-41
16
-53
-113
0
-5
-137
18
-25
-41
-42
45
-75
11
75
-36
-3
78
64
100
-35
2
25
-97
-3
79
-73
27
-40
-107
72
84
-86
69
-31
-96
128
42
-58
-34
14
24
17
-72
115
-10
98
42
-88
-21
46
-15
-67
-2
-30
-27
-39
-118
-105
-102
96
105
106
-29
80
23
65
19
71
4
0
21
-33
22
-68
71
-58
15
9
57
-59
38
-6
13
99
112
-28
27
76
-8
64
-46
19
1
-18
110
56
-59
25
66
-8
-62
-54
39
42
-21
-61
-30
-91
-21
144
-60
-86
13
0
66
63
-69
-6
22
7
-72
40
112
25
52
-31
-196
54
11
-8
12
1
33
-50
-1
0
-22
24
-27
-109
39
30
13
-70
30
46
49
-36
99
-104
-14
-67
-16
-68
46
36
-7
96
-36
38
-32
29
1
11
-71
-62
54
83
56
-106
8
-30
-41
33
-68
-99
-59
17
60
-16
4
38
-64
73
5
-63
-88
-45
-62
43
-63
-33
-57
32
62
50
20
-3
-40
45
9
23
2
-73
-43
-7
11
40
-34
-51
55
101
-65
-83
-8
-12
59
17
6
-23
30
-81
-8
41
-5
-17
-19
0
128
38
85
22
-21
-74
27
75
11
69
69
69
-85
144
-122
39
30
-50
14
-13
54
62
44
-27
17
-15
-22
48
5
-63
-34
-47
-116
-16
-2
-51
7
-39
-22
-49
45
5
-22
-27
-66
40
-19
99
53
-37
-4
32
-55
32
-63
35
-59
-26
22
22
33
14
1
8
-20
-39
-74
19
43
72
-32
-24
-53
-40
104
-30
-10
-121
-25
27
78
-13
-72
-47
-105
-14
44
0
81
32
-14
-21
65
-35
-85
88
49
107
1
75
7
-63
-111
24
-11
-52
-70
35
18
117
-34
-5
-30
-44
5
66
-21
-13
6
-23
213
58
54
-63
31
-29
-97
18
-7
30
-26
12
39
62
-119
-45
78
-18
-10
19
-45
-11
-38
50
9
18
-18
114
23
16
-33
-14
-12
-90
-51
42
25
-7
12
79
-31
9
118
-40
-28
-45
4
-122
36
56
14
-73
66
25
65
-49
-3
18
-38
75
83
99
13
-39
45
41
42
47
-27
-99
-8
60
-49
20
-107
22
69
-33
40
23
79
49
32
-34
-3
20
89
94
55
-69
-59
-62
73
-12
24
67
-13
18
74
62
50
-21
66
30
12
-9
56
-74
-21
22
-57
0
-56
-3
-52
62
57
-74
-47
17
42
-35
-92
-32
28
-73
45
85
-39
7
-24
-109
-33
-53
-59
-114
39
-25
136
-49
23
-91
52
50
99
-34
-21
28
-35
-16
-53
7
-101
52
-1
-9
-12
26
-23
-94
-25
-70
-20
-12
-54
-82
29
-32
6
25
-109
-72
43
11
34
29
-34
74
61
73
-79
71
-21
-33
-32
-37
35
-28
-35
-13
89
48
30
24
48
118
-52
35
-52
14
-69
-19
-15
-11
-14
-15
21
-56
-30
-89
29
-63
81
83
-33
-4
14
-62
59
-37
-14
4
59
83
41
15
55
-49
46
66
-22
6
57
22
50
-6
-33
-57
-166
30
5
1
52
95
-19
-69
75
-20
43
71
74
0
26
12
39
42
53
7
-59
-38
82
71
-61
-32
-33
-67
-29
-33
23
-26
-18
-24
-30
25
-75
-9
59
-68
18
-10
65
-41
13
-137
95
5
24
-24
1
-13
-21
-44
-74
17
-7
20
22
-3
-44
64
115
113
47
7
-16
72
-11
-54
46
-36
41
-15
-36
-53
-16
25
-11
28
0
-60
91
-6
35
83
-55
9
-81
13
-5
51
22
-3
53
31
-59
-33
93
7
22
-52
16
14
-58
94
124
29
83
86
2
10
-76
-1
3
22
-145
32
-13
-44
-43
68
41
-13
-79
-37
-66
63
-44
-37
6
34
-44
77
59
-29
1
44
44
-22
56
12
-41
171
15
-47
-59
-69
-35
122
-10
-30
21
-7
53
-17
-102
-79
25
50
63
19
20
92
-20
-68
28
42
16
25
30
40
14
30
1
1
73
-125
-11
-20
-30
-60
-33
12
23
60
-49
-41
55
5
13
4
-21
31
71
24
1
53
70
-16
36
-12
19
-64
-16
-6
-36
57
-75
-3
-32
-22
76
82
-23
48
-125
33
-44
24
65
126
45
-40
-28
20
57
24
6
-45
115
-28
5
-89
-5
-19
34
-18
-54
-52
-30
24
13
-25
-16
-69
32
9
-62
-24
20
37
94
-14
-66
-30
12
30
-39
33
46
-61
24
-105
18
-64
34
-18
-39
9
15
-104
-45
-71
-33
-79
79
5
5
-31
2
79
-24
21
-13
54
-40
-55
5
7
66
25
101
-99
-39
27
-126
-43
111
-10
-134
-38
15
66
19
-46
-90
-41
77
8
11
17
47
9
15
-97
74
-11
12
37
11
76
-6
-62
-46
62
-13
-67
58
-17
-91
-17
62
162
110
-35
14
-28
-141
-26
-2
-14
139
12
70
-58
-84
17
-32
-13
-23
-27
14
21
50
19
78
8
-135
-15
-43
-24
-60
20
-8
-62
-10
9
56
2
-86
29
1
-35
-97
-5
-81
-7
66
-45
91
-154
-25
74
32
24
33
38
42
-139
-34
39
-4
60
-24
-42
15
8
-40
-26
9
50
-10
3
-24
-119
-64
-12
3
-127
2
-59
77
-81
-10
105
-1
-63
-58
-14
84
-135
75
31
-49
87
13
-24
122
32
-62
-19
2
61
14
-50
6
1
16
52
-60
43
52
10
25
38
-35
-3
64
41
-146
152
-114
29
-55
18
-56
20
31
-25
-26
-64
0
26
16
-44
-21
-81
66
42
-65
60
9
-75
-10
-40
38
-31
-76
11
13
-16
-73
-61
-38
-56
30
13
41
-6
-55
38
-98
51
-49
13
-10
-83
50
-141
49
17
-77
-27
32
15
-36
71
135
-55
-33
94
-7
13
77
-55
59
-83
-17
28
-70
20
-11
28
-44
80
4
-90
-82
-38
26
24
-38
-42
65
111
38
-30
37
30
-1
-29
-24
-12
-139
-61
134
-56
-7
-26
-20
-35
30
-4
-28
13
-75
57
69
6
-88
34
-60
32
-5
75
-6
35
7
9
41
71
-31
-66
-67
-10
-90
-6
39
-61
-34
25
-7
-15
11
-79
-2
23
19
46
19
-67
119
-65
-48
4
-17
-64
-11
-80
8
-78
6
25
117
-29
-5
45
-11
-24
-29
-19
-57
-30
49
28
82
-12
4
-16
-76
-58
59
-42
-4
-5
-80
38
9
-62
27
-1
91
-29
-94
63
-15
19
-44
58
-58
36
-30
49
47
40
28
81
-21
-58
16
6
-25
-2
-50
-47
3
-84
-99
29
49
-22
-10
-8
59
-92
31
-58
37
-31
-8
8
-104
81
-21
49
-44
-19
46
0
31
-22
-3
58
75
33
41
55
2
71
0
-49
-17
-51
-42
59
65
-102
-37
-6
-17
-74
-19
-46
88
26
6
42
-49
-38
-10
-66
102
2
68
-47
5
34
-69
21
18
35
-122
-25
-13
-27
83
16
-8
30
-51
-25
7
73
13
-16
-3
-4
55
-53
70
-2
-1
46
-22
4
-89
-57
-54
-54
-33
-16
-114
-65
-97
-82
-10
47
57
-19
61
-33
-29
31
2
21
60
-77
-120
2
74
9
79
-8
-49
-80
41
-45
42
-40
-32
-12
-21
-16
-43
11
-106
-63
31
29
-24
30
41
-12
26
-101
20
43
-43
105
32
-20
-64
19
56
48
63
45
-100
-42
19
17
-25
6
-55
112
-118
5
-39
-10
-30
48
8
-23
40
36
36
-76
-32
-57
-38
76
23
-70
-29
-21
-71
22
37
38
-99
28
49
-22
-46
-15
35
-13
1
145
27
-6
13
11
15
35
82
30
-30
55
-86
-17
-83
13
-60
-44
5
-7
37
-45
31
-8
-69
5
-115
-13
-3
55
-3
-40
55
59
71
84
35
12
-8
-25
87
-52
34
-66
97
44
39
21
-12
-33
26
13
-38
-50
-24
21
-50
47
-56
-44
-82
-89
28
-57
129
1
5
77
-2
-53
44
26
-11
75
9
-26
14
-60
-24
22
55
-98
54
11
-57
-12
24
33
98
66
15
-11
-24
11
24
-2
47
83
-59
4
17
44
26
162
90
58
-10
-44
-25
19
-107
-60
-25
58
57
-30
-43
-48
64
-33
-39
99
-36
-75
-22
-4
38
-68
1
-7
8
-58
4
14
38
36
