-1117
-657
-250
81
-443
754
-584
-903
141
-942
-370
-841
1459
-413
1439
1447
-739
198
-330
209
1152
-293
380
-688
1399
-1295
-1277
-1246
406
538
1112
-1652
495
775
-474
-1119
-637
-1040
-1212
1268
914
120
-1116
-433
1455
170
-1034
-1347
226
466
68
-677
123
-817
264
159
-672
-1291
-74
1562
-744
177
926
1011
-62
943
339
-597
-544
886
-1624
224
-23
108
1128
-201
919
-1222
-196
-164
1193
1640
-628
-1505
766
178
-1599
-989
-1013
-1273
-750
-336
1419
1195
270
-158
-263
-291
-7
-1075
-483
-99
-1521
1510
309
-540
183
416
-1188
590
1127
-1291
631
886
-78
458
1008
646
808
-294
-601
1339
54
-67
-313
-331
115
-1003
1367
74
253
477
-857
773
4
428
356
126
401
521
510
-1015
907
448
989
-641
-983
-772
-228
649
526
892
899
236
237
-412
-324
1483
208
1289
1347
-591
-351
708
-189
68
713
186
746
990
1059
712
928
-567
-52
725
245
-274
-667
492
-1432
1133
-715
-341
-46
1355
-1465
-461
152
1258
-440
-1033
177
-1001
848
-1085
-436
72
244
-202
1304
46
51
606
85
838
544
-1478
-149
-778
-158
-11
540
44
-1559
450
-1091
-947
668
-361
-1587
-304
-26
-1183
-702
-72
-1485
731
-414
-104
-974
-779
1278
689
-356
1033
-877
122
1620
-1272
969
1081
354
18
864
-480
-1246
-548
-1393
-1460
157
1492
15
-738
-161
-642
-574
-565
60
1614
1233
-1574
511
-336
728
-978
104
130
-990
638
-968
931
591
569
1031
-26
734
-548
-83
180
-350
988
-348
356
-21
1470
-1011
1125
-920
1105
-1346
1223
1053
995
-907
206
-685
290
406
293
1049
-833
778
430
-198
368
-297
-357
-770
-18
-1588
-1517
152
-577
448
-934
1489
1535
-1597
899
610
184
-656
47
-35
-1268
-62
-855
-1603
-1251
-12
551
572
775
-367
668
564
-1138
1332
-752
743
192
93
-331
-1174
-1190
941
-934
471
-700
-720
-300
-453
-381
415
-881
611
1044
-680
-981
81
402
1280
121
1362
-873
-243
1119
-168
-61
-330
865
-421
264
1659
354
92
172
1020
139
-890
1545
-759
362
-363
915
-71
-1046
-1354
1140
887
1224
1596
-239
-196
-549
749
156
1021
282
154
717
-472
196
-532
1346
808
-499
292
-1022
359
635
225
-883
513
823
479
42
686
-1427
433
-510
-382
-1594
301
1195
-143
-1300
-919
-1312
477
-103
-1272
-733
-509
412
192
803
1603
62
709
-402
-102
-943
569
397
1424
-685
-1067
-569
1212
17
-296
-532
-45
-63
445
1347
-77
61
103
111
862
1338
-1270
-616
1609
789
-537
-910
12
588
510
-1482
1577
-1028
595
666
-1054
444
-924
-357
-1580
-183
-416
207
99
-498
-437
492
-346
-268
-854
-1145
80
-260
-20
520
-99
97
109
-233
-603
-105
-719
336
-405
-1473
-586
1184
-656
344
119
-716
319
1236
573
-616
-791
-654
-1604
-407
381
766
626
439
-23
-381
-442
-724
-1152
-553
-284
-765
795
571
297
269
357
-373
358
190
-22
-995
656
-52
-815
358
-1645
550
-1222
-281
-939
-879
597
759
1069
1021
-815
441
1078
-1487
-268
995
-330
739
1091
1144
600
-1411
382
-828
901
-1414
226
168
-1053
395
-1292
1254
-399
1583
87
-276
1137
451
-802
883
135
1157
1064
-420
143
-1078
149
586
316
1404
-973
153
-1085
408
1610
-970
-1200
677
-385
326
-1415
1629
1036
-710
1360
170
281
-1299
-1357
-194
263
565
66
-57
137
-134
710
-1147
487
1662
-197
-217
-471
651
-384
896
621
155
96
-1542
-943
346
-306
219
735
-393
-958
-349
-207
748
-156
-396
-873
-1540
127
235
1592
-568
1202
-141
1015
357
-1628
1568
-1095
201
-373
1639
-430
455
550
-869
172
-945
-1474
1004
-254
1344
-465
-198
1658
-400
239
1572
806
-1192
-168
-135
1112
1266
-412
1566
550
-858
-436
-512
339
1199
660
-168
615
-836
763
-425
-785
658
-357
-1073
1036
483
-458
701
698
-554
-557
174
1625
-1132
-1572
-984
256
-925
-1410
1504
413
1277
-625
-1237
-74
659
-561
-511
271
-772
-629
54
852
188
1046
-1030
-1039
231
788
-1544
-50
1186
-411
1344
-320
-551
-977
-176
-1259
-234
425
-1114
-1549
-156
407
954
842
60
-203
-333
466
359
-408
264
1391
-1637
-12
946
887
-714
384
-133
855
125
886
-792
-207
667
1079
-1282
-946
282
-329
-1530
682
-1638
-884
-465
-2
-802
-1103
-406
795
1557
-196
-1412
-1186
-595
628
-714
830
-486
479
337
-598
59
242
-524
-339
-723
-144
1449
-747
533
925
-294
-249
-1107
-614
391
-753
258
-60
1009
-290
-1378
-84
-6
303
-693
-1148
-265
-1624
-609
553
916
289
737
399
-1379
930
687
-98
-1159
-59
-1090
167
-1432
-605
-321
64
1405
-73
-127
898
-589
-1588
-789
1130
-198
-800
-551
161
-427
290
-1152
1547
-645
684
-1162
-1092
18
1004
-246
-1076
489
116
-57
538
810
-116
548
-1094
352
136
-1013
-349
1308
-146
-801
-1104
-346
171
-1257
869
1140
-397
532
33
-552
-1312
-548
-382
-185
554
-778
-98
-516
-118
1156
419
318
1166
1041
-1214
-431
73
170
855
1531
492
-1422
-1514
-413
-1010
1127
-500
632
468
244
1109
1641
663
741
1495
-31
-305
1114
600
399
-592
-1426
-1355
876
392
391
161
-762
-1371
465
131
478
-554
1564
-196
-1107
-1659
173
-390
585
542
284
-793
-627
770
-1361
571
-156
1024
782
-756
-827
711
-724
1536
-489
-605
812
-420
743
1140
-603
510
-589
204
-64
-1452
-205
-1077
-303
-82
381
-1242
459
-388
61
988
129
-206
-59
1130
-67
1285
801
755
-721
974
-974
-1444
775
965
-339
-512
-1573
827
790
767
617
569
-974
-205
-1485
1396
-294
-219
-99
-886
-1309
206
97
-18
-1078
1365
-519
-681
779
-472
214
-1569
377
879
308
-375
-1142
-1220
77
-548
376
-580
-1336
-218
-911
-85
-273
626
488
983
-174
344
-348
-331
547
20
-938
-544
-152
1570
-476
1404
662
-1274
-125
-1341
518
1284
-352
-660
369
-733
934
-274
-1146
37
-53
280
-1292
-1320
-237
-1661
939
-85
472
-687
509
783
164
-1436
390
181
147
-690
1148
454
-747
849
550
-516
24
1016
1017
9
348
355
188
796
932
-554
1633
-1551
86
-821
-897
665
491
-316
-36
170
-1319
1607
788
61
-852
-611
1254
-572
-313
-562
1259
1486
267
-68
-1117
-831
143
345
340
234
-103
1244
607
848
812
-763
141
-733
-262
-365
50
1133
-532
-216
789
185
-507
-839
880
106
687
-122
1060
997
-1570
491
706
767
1125
-315
1627
109
-359
-410
155
-956
-1095
925
-1513
-425
-333
1533
517
-1466
1078
187
645
-656
-82
-1480
-250
-955
-108
68
927
-680
-483
-296
1579
233
41
-1108
-1503
-157
257
-1039
493
59
-34
314
544
-390
684
431
19
-54
579
198
-1145
-322
1411
828
-1223
-126
-593
604
370
144
-271
-226
-1556
1627
-591
498
1347
-292
-628
-639
-833
-444
-393
-770
113
257
-673
-1575
394
-261
0
456
915
-543
427
-1417
664
-238
521
-475
405
-345
-47
-371
1019
580
-353
405
-273
449
-403
-18
-403
-432
-522
123
-74
912
-1274
-292
924
246
606
985
216
-82
772
-144
1154
21
-1260
380
257
1648
1239
-1149
157
-618
-356
247
427
-1476
651
333
-217
-1549
-529
-51
-499
118
900
-587
1662
1374
1005
963
1303
-64
738
-39
-517
-556
-1128
475
-648
-201
-495
-1506
-1544
970
226
692
-650
516
1380
438
379
1112
-351
-1290
1103
-97
288
1376
-983
-1508
122
-891
218
-627
85
1054
-757
-1341
-1064
-458
-1602
-583
1503
-41
-714
444
-628
955
479
-1009
255
1337
189
1438
406
-166
1465
-1243
-1092
-228
349
-426
201
-1290
-606
1620
-1542
431
751
172
-1068
-969
740
-44
119
-1142
354
390
653
962
-237
-339
-1075
-1015
-1022
817
184
-369
-1506
897
-443
34
-889
189
519
-1612
-288
-1109
-1062
-1027
-480
-1297
-945
962
420
1160
238
926
-429
350
867
-826
-382
138
785
1255
149
-781
205
1364
-131
976
-121
608
-1206
-150
527
239
-94
861
-1368
-253
123
-549
324
-666
-1073
-733
52
747
164
-132
381
613
-845
1194
-305
665
-370
-1493
-1184
115
339
388
-1449
265
114
-1019
-873
-500
1583
1557
-989
-1075
778
-1522
227
-720
1357
-222
1268
25
1179
884
-541
601
-1317
703
1589
365
-873
-616
-950
-612
-343
582
375
1094
-1043
381
739
846
-833
-732
-1263
-810
1394
-858
1026
164
-1572
848
381
1316
-1156
375
-210
650
272
866
1219
628
765
901
-404
376
1626
-1321
646
406
1202
-32
489
-491
-8
-314
1366
208
-1181
603
979
-1036
1133
336
-1308
-745
292
433
-384
44
-328
284
510
-1351
-1522
1277
-986
-72
1009
785
-114
-1012
831
-329
241
723
1599
1624
964
-660
-506
-694
-1655
-1018
-69
-541
-1640
-647
-1157
648
-1514
1269
48
-1173
-464
517
-440
-1017
-1164
146
175
1268
118
198
-741
1508
-280
-141
1458
115
-190
-1427
-886
-502
559
778
736
191
1280
-30
-1184
76
1379
170
864
-472
236
-223
112
163
277
-981
1
-701
-664
574
-132
69
-35
258
-1631
906
-797
-972
1269
769
222
-470
-660
-444
1003
-930
218
705
1546
-1462
161
-284
-589
-25
-1058
809
-358
1380
-136
-505
-1470
-807
-507
79
410
-519
-1636
1371
1144
766
-889
-309
-1295
-1120
814
127
-654
1518
-1246
-276
-515
1142
-374
745
-1512
-633
-380
169
-618
205
1288
-934
-552
-493
-789
997
185
-647
-292
331
813
429
510
1592
818
-437
-718
-1262
-1103
278
649
478
-1369
1055
-228
584
-1134
-1012
-111
1511
-623
-1358
-266
-468
296
-1264
206
-1407
-1546
-685
1639
1147
-215
809
-668
-957
-69
-1267
509
202
605
253
1111
1609
-504
1008
-20
-411
52
-704
-1050
-587
-579
-65
-276
457
27
1645
130
750
-379
-419
332
148
792
574
1109
953
-503
300
161
-31
860
738
-194
-435
1241
-596
219
-119
669
-1661
-292
-568
-185
-1080
-491
439
1602
-103
271
1
-314
103
849
364
-776
-1624
-259
-191
-745
-692
-1641
-772
1493
-994
-128
-1016
363
199
1479
-71
-1315
1029
1192
28
263
-257
-601
8
516
-1019
634
-772
537
361
861
149
556
276
-154
271
1253
-164
-568
-937
-1650
390
740
-101
-944
694
27
-666
-1267
306
159
-356
-59
-776
-414
122
-675
647
-382
1146
1202
108
1458
-1041
745
773
509
-1552
705
855
802
-67
92
1060
343
199
553
930
-929
1465
939
575
1648
-643
-324
665
-212
-260
-610
-197
-152
1129
-38
1067
-316
1434
954
-341
1288
199
-1536
1119
1433
1301
-883
363
-1104
638
-420
-518
-275
552
296
-555
747
-30
-1452
392
-425
-1538
-85
-1027
-1244
-107
-996
878
1
-336
-667
1478
-410
862
-685
658
-240
-800
966
-253
588
-185
63
-132
504
1640
-287
96
1644
536
1656
210
75
-123
482
621
695
539
-567
467
1113
-956
-1491
-294
-374
-805
-94
-838
-198
653
-1012
-103
370
553
1230
1304
1039
1453
54
621
1531
-609
1208
1153
195
-357
1639
-448
1197
589
-75
3
685
-65
-573
179
-1560
1148
746
879
-409
-205
-278
1655
1065
638
-1551
-285
473
-241
-34
229
-729
-315
136
-511
-396
785
-80
-1215
-251
-91
938
730
1321
-598
-368
-411
1297
1330
-368
214
965
702
420
-404
-470
-434
-1180
630
-304
-309
-1402
-403
-441
1643
-1337
1501
550
-561
-373
1487
-842
545
96
-1529
233
551
568
-139
-495
10
-1544
447
788
666
799
54
-1215
-311
66
-1017
-659
150
-107
897
-1446
1039
982
-717
938
-161
190
-1645
-1426
1210
854
-608
898
144
-1361
36
-854
1310
691
-1358
362
-599
93
903
1147
1646
55
229
-211
-607
760
137
414
-1187
-712
1482
229
778
-800
444
778
-682
1387
894
900
-584
-471
-1111
378
608
570
120
-66
-463
1062
-160
959
-269
-200
225
824
-772
945
1210
-637
-1577
724
-949
682
-139
1464
393
906
253
-22
-643
-1026
-222
-114
486
681
965
1079
514
-134
-702
43
483
152
809
750
1201
-513
-980
29
-626
962
1073
55
-348
-172
1132
-726
-973
683
-504
-780
-77
700
-1566
-524
251
-245
1278
-998
534
-327
1200
263
-437
266
-221
-798
-448
-158
-1350
-218
337
811
287
1014
-1031
-34
358
118
-759
-350
797
779
-774
384
-1056
438
-1261
683
-1286
742
-789
249
756
-305
305
1091
834
887
-777
-86
854
-39
-795
-818
-872
906
-1089
-705
-642
-933
-1110
825
458
-257
-710
-193
-534
-1026
952
1558
-1052
292
378
-950
-1599
-1321
1125
-982
-594
305
525
-9
718
-212
367
775
-423
400
935
-367
125
639
-407
-103
-1438
-608
-611
-1192
212
403
1346
1011
-1358
531
610
-611
1226
753
-104
1368
379
-256
537
-812
-189
-338
46
-605
4
260
-68
836
-1330
1223
118
313
1007
706
1555
1663
1047
-1038
-1128
610
1381
387
331
816
-749
-469
925
150
-365
-845
222
604
-187
-405
-408
349
-847
-295
95
350
-499
669
-332
-574
-1326
665
-66
-969
767
934
299
-207
-963
-1521
1306
-1453
909
337
381
1006
-716
64
854
-233
329
1302
342
-711
-220
-74
1593
-1308
-297
1651
-531
290
-650
1213
-686
-918
949
-248
106
-614
34
-448
1314
209
365
-396
-1189
913
566
-188
-1533
458
-442
893
-1180
-355
778
714
-328
-797
11
-1243
-510
-52
1395
461
245
-295
421
536
-613
563
-787
-617
584
-747
-1
-701
335
-1154
1436
1498
206
670
674
-240
-1140
-1404
149
406
311
2
-1031
1075
852
14
-1555
327
854
85
-604
-505
-272
-930
1131
-1112
-295
-278
1422
1295
1187
234
-643
1285
1036
411
1370
1493
-1114
1024
634
1661
-1054
-495
5
-1390
-1274
1361
-1442
-610
-1147
-203
613
415
-1348
-675
-642
1069
-1124
270
-308
181
-184
536
-283
-1078
-1477
403
1092
-467
-469
-1258
332
-164
-260
1399
-619
1006
-346
-225
-481
-1631
-692
1353
-966
1035
-1111
967
-309
-1577
-110
-157
-95
-360
142
-55
-919
-1142
316
193
135
138
141
-696
421
265
-702
-240
998
-1168
-113
-1071
281
703
-875
-616
935
97
262
-639
-36
351
1189
568
-1039
-1167
91
-795
358
323
-1264
-502
628
1640
867
1193
-799
1288
337
618
140
195
-566
-1455
-1434
249
-387
-746
545
-288
57
31
279
-1402
-236
-1206
1538
430
536
282
281
-244
-1104
1391
525
837
-1130
381
-1295
-155
-885
-918
-231
-1125
-226
613
252
-436
-1594
394
1351
-1060
-975
321
-618
1172
-790
-791
-1562
-577
-228
931
-240
-1584
861
-23
-262
980
-1170
-1302
865
-1066
-544
722
-328
262
-1424
-522
47
286
786
-1569
903
-643
332
1228
1097
799
-610
1548
963
682
362
-191
152
-1580
-1425
569
1385
-878
992
1435
-278
99
-1294
-187
43
-750
6
-689
-843
-128
-356
323
-1249
1064
-150
-1074
227
720
1351
192
1430
42
515
314
-869
694
-34
194
-992
-1172
-1461
1082
269
-983
-1366
39
743
-812
-136
548
18
743
1227
1298
-1469
-732
26
1233
-447
250
469
-1460
-1602
1351
1018
335
718
898
-111
380
1345
870
487
1427
80
-1499
84
-1394
164
378
-627
771
1100
1448
-70
899
-820
48
226
764
1061
222
417
-332
-149
441
-547
-422
1611
1457
-1428
-1011
220
-702
-85
-314
-862
-307
238
928
-1485
471
66
-277
1375
-256
1087
1198
-150
-622
541
-1255
-631
1086
830
491
1217
288
-257
-734
352
-821
1221
-129
-169
-733
991
1603
-800
369
1061
-1248
443
-887
579
1545
610
-599
284
-515
-840
406
-512
308
-661
-382
-696
-1054
-254
696
-1226
-1587
-999
271
769
421
418
223
1252
-274
622
-1088
-1115
-187
1305
-435
100
1146
-667
114
530
1141
-823
-263
-203
1314
-433
-221
-561
-1502
225
114
-181
-490
215
-699
-1639
-897
-957
-206
1410
1473
-65
-317
851
-1235
-822
-461
-397
-587
-253
-388
490
56
625
1031
-1542
1568
124
313
472
816
1253
-1378
-176
763
241
-1612
-758
-934
-632
343
-1213
376
1305
-121
892
1325
320
-117
1199
1405
-538
-705
-972
-755
929
1223
1191
-963
-1592
573
-772
-1006
200
583
-881
820
170
193
47
529
-1466
1051
925
-201
3
1123
1058
-929
-600
-509
-625
-876
-368
-698
-1206
-548
-1162
-153
237
1467
-1544
-1002
-585
1481
-683
-428
-640
-119
-114
-120
884
-919
810
-511
249
1017
93
-796
840
478
-1568
-1427
-401
945
1219
62
271
-787
-1138
-171
510
143
-524
641
370
-597
-818
332
131
-849
894
1404
1432
649
-378
280
1555
823
-1271
669
-1241
-854
-84
315
-151
-195
-607
-684
-907
-551
-1418
-16
-264
-513
-1579
-1651
191
896
290
-472
-74
-1320
