424
223
-256
-465
236
-435
1290
979
-147
-511
-304
-132
-794
465
330
69
-827
-1243
-204
22
773
65
453
1241
-406
304
-1137
643
354
1263
-214
531
-398
1002
555
-157
442
10
253
-430
-109
236
69
-10
249
1170
1653
-146
193
510
1255
-136
-898
-579
246
1300
-173
-387
-79
-59
68
95
-730
1220
405
-374
288
398
-1563
944
-1608
-647
-729
752
-234
346
836
821
-615
1393
422
-1295
156
-1249
1196
654
-841
951
-426
-589
835
-1617
425
87
146
414
-428
-697
-500
233
540
348
650
-310
386
892
615
480
556
37
376
190
-887
-278
-249
-359
979
1271
-115
944
-200
101
-320
-1067
446
102
-268
526
-146
-32
278
223
412
321
35
-127
-365
-470
-752
28
-942
897
579
-436
1570
-117
330
-106
192
-736
298
237
783
-686
-96
985
80
32
-775
-135
-124
640
727
1236
302
-364
-1256
360
-1022
-368
536
-618
1054
-6
1187
-269
1205
-229
-573
121
-1171
-156
335
-15
1354
410
151
519
1344
-360
60
153
-395
-138
510
632
-100
-662
517
313
244
326
-904
-1006
-1370
-175
478
-85
-234
-294
797
-741
719
-727
1474
803
1534
578
-354
596
-126
-367
-508
-405
695
-906
-424
484
-659
-735
-787
516
243
-1578
733
1273
844
-599
227
-27
1525
1043
-398
19
460
-556
-1232
195
-64
-289
-475
-193
577
-1319
695
-146
-1348
-519
755
322
-302
346
-663
-272
683
-629
193
-379
522
-378
-166
-112
-1272
-442
-386
1368
-2
1211
78
679
-1194
-1587
357
647
398
-46
571
959
-1275
134
239
699
32
-142
408
488
123
1239
-312
-192
72
513
-417
271
-153
395
-1180
-546
771
-110
853
-141
-1131
442
1184
-1137
-1542
-704
589
-1269
-461
859
-851
-964
32
-116
149
-333
750
-298
322
564
412
580
179
1078
-233
705
891
-374
667
737
-652
-344
-648
-849
420
-1310
408
-400
1109
498
-1222
223
756
-1553
180
1177
-314
17
126
392
-60
573
56
903
1237
21
-57
-677
-747
625
394
-64
-324
-732
-466
-684
662
-652
-461
658
216
210
-534
710
-273
-1002
477
-790
-97
661
802
785
242
-74
-1052
-245
-47
582
-690
686
-645
-1539
920
-976
345
1061
-340
186
61
268
119
787
-1376
1092
-35
995
-77
-1126
-423
587
-770
-644
-602
393
306
-292
540
-692
-706
-759
-604
-220
411
-647
-31
693
203
224
-860
140
-151
-82
-1081
-542
820
-181
659
518
888
103
-1561
-178
602
190
-596
768
-1
-921
320
242
-6
-1158
-976
-1148
-47
-438
-1372
-1007
-303
-727
-234
-650
-1245
-835
670
1177
962
-1160
290
-189
1092
-679
801
343
-975
-350
-192
-341
28
1537
631
-167
47
729
261
89
960
-149
-400
-633
32
-681
-76
530
1020
520
-907
827
644
-303
-112
311
-281
1537
-552
-1451
-17
9
382
109
-743
1063
60
-94
596
694
-388
205
-581
28
416
296
-241
-731
-131
-366
-841
894
-287
134
280
976
-297
923
787
884
-158
1109
234
827
-559
-730
-540
467
-1078
-136
-55
-278
-268
802
-187
188
1109
905
721
-182
682
-754
1430
-354
145
17
-62
916
265
-802
-107
-791
7
608
-446
-852
-782
-19
261
-226
987
657
890
668
274
-384
1212
457
96
1093
705
-146
94
254
-287
388
494
-1079
-167
430
199
632
877
281
-413
445
-84
-1250
-659
-723
-773
-1165
-963
-138
198
-1418
-609
914
-353
-128
-692
696
-506
-329
118
780
353
178
501
-429
121
-153
277
-1483
451
-394
311
151
-17
761
-316
-858
-506
264
-87
603
-723
-1148
510
-337
-319
546
-151
1005
503
-590
718
-1526
-1151
281
93
-18
378
161
-95
-375
165
-79
229
240
-69
-336
109
619
-340
203
11
1100
610
-398
-686
3
-591
-387
-569
76
181
298
-629
278
-687
228
1306
1331
1617
-828
569
-722
-174
442
-192
832
-856
-822
6
-794
-521
940
148
21
74
-845
611
1526
-758
437
665
201
-662
828
-458
-682
-319
-1493
590
-924
-665
-437
863
173
-710
899
-63
704
-159
756
842
520
-72
-639
1271
-489
224
-407
-618
623
481
1224
-848
352
-296
-63
-412
1576
-302
-802
-60
678
438
-860
221
96
290
-215
1337
-342
116
682
-590
-7
1106
619
487
-408
-466
-337
961
-522
-202
583
275
-56
-30
-746
-1306
142
481
-553
397
687
-1194
215
-538
386
18
783
940
737
-1022
207
-929
893
78
85
-567
-478
598
594
-235
-379
404
305
-140
751
-944
-49
221
-1018
-967
-1213
743
915
-235
754
197
-1222
-311
359
-267
-202
19
-386
129
284
150
-990
454
-1104
-640
-179
152
-304
7
-291
-704
252
-675
-955
1546
555
154
-499
-647
-816
1500
18
754
909
1259
-653
101
756
620
152
949
247
77
1371
370
-1140
-552
-582
-476
539
-208
-339
-188
249
-558
787
-999
1091
-12
-1224
-167
537
1080
82
1038
-425
-74
217
-961
1236
107
-100
-340
625
23
-144
-925
1041
-1056
680
15
-1314
-363
-741
-376
-362
-89
-74
-258
13
96
-53
377
77
503
319
-206
627
-1147
127
387
256
-660
311
1104
300
-491
-680
690
-831
-186
-1436
142
1318
918
-1121
-50
-54
-4
-859
-894
525
516
-1401
-635
249
372
1355
172
-1227
-110
4
309
-7
-349
298
532
241
-85
316
568
492
-1153
-146
-546
360
-955
-1592
-787
-462
-238
-40
-422
424
-337
-1138
266
-184
1012
-375
-422
-783
470
413
-311
571
248
315
-165
5
-71
-918
-70
6
16
593
-524
-26
-153
-526
352
271
191
277
362
238
-330
800
621
1217
-137
-1364
-1054
-573
1210
-204
158
-960
-68
-1243
-997
2
-386
-72
-291
474
85
83
-456
-676
-931
-239
1054
-391
35
-1504
-621
484
-268
943
-149
-173
-974
202
-1128
668
861
-812
-1157
-445
-1478
-169
151
-673
-175
1453
671
-393
-1403
272
689
422
-73
132
-1325
822
333
-147
59
280
865
189
115
609
-438
651
-130
323
-1516
713
-94
726
-511
156
-253
77
-349
-1328
-1468
-960
-622
1089
-556
347
-593
56
251
-740
-80
-447
246
-116
-492
-22
1167
-516
1012
42
-954
389
867
-20
505
-172
-84
380
485
-572
-524
-1326
-396
-159
67
871
664
-197
-489
-1284
257
963
-955
-362
-172
212
-1213
124
-277
237
-665
554
1045
-432
-420
-237
-394
-377
-1161
-1131
-413
-488
369
459
-664
408
-244
-307
193
-1019
438
-468
-1340
909
555
526
66
216
-465
-356
-702
468
-786
-411
-109
303
1430
95
-229
352
-388
-183
280
567
-330
-208
588
732
-1232
271
-1117
100
-1323
1383
-473
-571
-546
515
-16
-397
-1323
344
254
593
60
-217
-147
-386
94
175
318
-89
-309
259
-811
438
-514
457
-935
-1044
-208
10
1045
-516
-702
-443
71
307
1048
-819
-58
-48
-603
153
-527
-32
1032
238
-103
-192
-427
84
-77
-174
388
-191
-67
-410
20
-938
637
508
584
-679
-449
71
-1045
317
-721
660
-320
-720
744
-676
-31
747
-429
-69
-479
-714
-143
-32
-846
274
1051
-364
210
-500
-319
1069
-713
-498
316
-281
-306
277
-372
700
-84
926
202
-454
-395
-734
862
621
400
537
1388
348
108
600
-264
204
-11
-228
-782
1354
-238
1227
171
-390
-661
-1133
-1344
345
-621
1379
-969
-472
-123
-29
508
378
-180
481
-652
229
-554
-411
-208
1415
-237
154
-203
-639
774
304
-157
3
563
-248
-372
-296
73
-429
444
605
15
49
418
-223
1198
-217
-357
1232
-485
251
-1492
884
-477
752
-91
213
-164
23
702
-359
-499
-355
483
390
344
569
861
132
1622
1000
1121
-473
-1013
134
-1516
-549
-68
-362
1386
1312
-39
-431
-787
164
828
489
-57
-65
-1421
-514
-245
-146
-10
-1093
18
491
540
-135
-239
68
954
88
808
750
-662
-1002
-224
521
330
-563
403
331
552
-939
991
145
727
-125
-101
635
364
-264
-208
430
-845
-15
363
-338
1138
-88
-593
-280
-1202
41
-340
3
-868
174
372
433
-571
-941
-258
-388
-146
-331
155
329
54
-739
-32
83
-772
98
87
-78
-426
514
1422
136
-306
-674
691
566
-1094
78
-351
243
-1084
314
89
-928
-161
-1584
-1653
699
-324
1019
-203
192
35
676
492
-385
70
674
817
-436
-340
-31
-297
581
392
-705
-190
-529
-966
-408
-197
1567
604
-477
-877
1249
-74
215
-43
1650
-315
134
-1338
-1259
1641
653
297
338
30
581
27
175
1455
-313
355
828
281
1376
-306
626
92
-704
41
323
26
549
571
-82
133
1476
1022
-1026
-614
686
-116
318
286
712
-1640
11
532
-327
-390
845
-518
-149
-38
139
175
1080
895
-600
-1410
582
717
-331
641
-220
447
-200
-94
921
158
-610
739
780
-537
200
-1122
328
489
656
659
-271
-720
979
-1306
-963
-347
-63
-60
-19
793
201
-111
-211
-603
322
-402
-60
860
1195
-616
225
-688
648
-730
1095
-819
-1249
489
1116
1200
-120
-487
453
894
-952
260
822
-460
-141
735
-80
612
-96
409
968
961
-721
1444
1150
377
-382
203
-514
187
227
-1188
-612
1095
-47
-296
-590
475
46
1386
272
582
664
-910
-1181
-425
11
-308
-441
137
-595
282
209
-361
-1054
-1239
-766
-783
38
892
916
397
-293
567
140
-419
-65
-366
-618
561
-41
-519
-172
187
47
-1437
-196
777
-495
-280
-344
-33
-481
36
-238
-492
912
167
27
1039
709
582
732
109
-541
-458
-709
-275
-701
-975
-370
-396
917
-681
-522
45
-320
-797
-638
-41
83
-1322
333
518
1142
1420
-1088
-836
404
-766
1395
-1258
-1007
1063
452
-894
-33
-399
-175
-73
-21
87
1024
-194
-878
1664
791
-343
-246
399
368
-25
-516
447
-817
1051
-446
621
402
-15
-279
437
539
-792
654
-696
-715
-911
1046
1608
46
-331
832
-30
339
-553
-969
1483
412
1566
98
-526
-520
1105
479
-87
1040
-442
258
-1263
-59
-1105
185
-451
90
-1047
366
344
199
1645
-717
-130
-382
398
1211
-179
185
-743
-474
1100
1349
-256
-561
611
-422
526
-302
-1038
-976
-180
1169
-176
-251
193
297
797
-109
-135
-75
633
415
539
310
645
-940
-140
-288
21
-198
545
-1015
-429
758
710
-351
-235
825
524
930
78
-29
-824
7
758
-15
-188
-884
194
-44
326
-377
158
-324
712
-404
-160
739
1344
-1248
-540
-610
-856
-475
-285
-236
-1292
413
235
342
-313
417
828
325
-528
1250
190
-288
860
-153
266
-898
677
681
675
-324
321
-763
222
-376
-773
312
681
170
-1299
431
469
758
-838
-812
-330
1464
-1140
-1033
-631
-265
430
474
279
-831
-199
-538
405
-623
507
-228
322
443
80
-272
689
433
-1117
1374
789
-51
340
-537
581
-400
-570
242
1016
-469
-72
-812
-150
-606
1128
-1538
-63
-794
102
-345
-253
-940
-53
-385
881
303
1662
-874
-1442
244
-81
918
1438
-313
-1458
-261
169
518
-334
-811
-124
-69
589
564
-541
148
247
764
725
-61
919
745
-258
-525
-303
-37
403
-492
1277
585
-803
-254
173
555
61
-1018
-784
567
-1473
-354
255
333
34
177
-635
-365
17
-1194
696
635
1058
-427
165
53
-686
-840
-830
719
-133
393
-299
1593
799
490
-1123
307
-118
213
60
741
977
-167
260
880
-555
-746
-26
-1472
-250
144
238
-164
502
584
1523
-1400
1034
260
9
-809
-103
1243
539
65
-153
-157
-22
-590
-351
-86
-438
864
388
-473
-934
-1056
-1452
-873
805
-200
-1057
-788
-727
251
1283
479
194
547
165
59
204
193
-703
-1160
-1501
-611
-470
93
968
37
119
-428
-1098
-512
-908
583
-993
-73
-869
-612
349
-246
1048
1231
-724
640
-1324
525
245
481
439
-60
-70
-255
-599
263
-359
428
-1019
229
494
-1536
-1471
1163
780
501
-529
-195
501
-602
894
-598
-94
331
540
-184
-1034
-477
-586
242
-270
828
-892
-824
291
343
-1189
695
1342
-1597
877
1099
154
-838
156
-770
-372
-1320
-269
572
475
-825
135
807
1586
-125
943
-167
132
-1086
111
-1539
130
1082
-1531
56
924
-442
721
-262
100
604
-973
223
59
-180
-455
-1310
848
-599
-120
-290
-187
138
-827
208
546
636
-746
397
312
-612
-373
452
876
-1181
-182
1523
533
-1366
292
-739
-1183
150
-342
-844
485
57
530
961
-126
-317
-182
-619
-472
480
-362
718
-849
596
-51
-827
1424
-458
1130
690
461
992
-450
-1055
406
-314
-103
-672
-59
-726
672
-849
-14
441
-1024
-515
685
197
-226
-410
-253
328
-279
170
-555
-270
-429
-43
-644
-341
-615
654
-1524
-770
-413
-1280
1130
880
-628
-385
-609
-284
899
-88
934
-813
-1114
-1047
486
352
-513
-38
-555
-845
-893
944
167
499
-26
67
531
-518
-873
-1238
-642
398
-589
615
88
-400
-124
-358
1151
-607
-41
-753
880
1635
-652
297
563
22
-10
-2
-669
719
977
1351
-263
571
456
340
-1562
-462
-425
429
-525
-471
-758
-1195
-271
1539
-173
271
609
427
292
-380
880
123
-181
195
79
698
-564
446
16
-329
519
186
693
1187
-1066
71
416
-705
1106
-1030
-1119
-33
819
-179
-891
487
-959
-1459
396
-584
603
-1537
-1233
276
-145
1300
-573
-497
69
-277
-844
-1313
-31
-235
-871
-427
-556
86
105
-478
697
652
1093
1462
-525
236
70
-26
686
-106
-225
-981
-48
252
1167
99
788
191
1223
-711
-977
-466
-878
732
264
-406
-277
-665
-283
-1325
259
-519
1310
451
-749
251
-276
-1209
-1582
-310
-408
-440
-1200
-376
771
795
-1053
-586
-47
-623
-817
-328
145
823
1428
-6
-290
-219
148
-249
981
1382
-820
253
-96
-893
-211
-474
-225
366
491
-635
414
-757
-541
-115
258
1150
328
1326
-284
223
1077
-20
202
-707
22
356
579
836
874
461
-1049
-27
-186
694
-826
-99
-818
52
-565
-993
652
458
1196
-133
398
-156
-1549
-581
-329
-410
71
-397
319
135
470
-918
1600
473
789
21
-505
1136
-345
-907
1542
532
-285
375
-934
-422
1398
1484
-83
1038
205
-658
307
657
75
651
448
430
233
-349
86
141
650
848
-338
-175
-753
11
708
131
-1646
1074
103
-546
-221
-1074
175
-77
-773
-413
-928
-55
-132
-839
540
-419
-566
294
-593
-1583
621
453
-322
-227
107
44
-73
-518
104
1462
68
459
470
-471
322
-463
-494
-510
-254
644
-785
1234
147
-728
357
539
1008
-873
-956
-519
-1227
-1098
433
-932
349
-1077
-581
862
-1385
1104
-117
-954
373
1605
1363
531
-1033
200
-1049
-598
-127
332
12
-339
5
682
164
-626
314
-247
-370
73
45
-264
534
-572
-1228
169
-358
-530
-1508
-1422
86
-493
-138
1133
-55
-915
740
561
435
-274
-889
705
399
-103
17
-1328
775
777
1421
206
-328
180
-16
228
947
-204
1534
524
-497
-701
809
-157
-630
794
-682
837
661
-431
-639
1483
773
322
-826
-128
91
-1559
49
-906
-236
740
1180
-587
1191
440
-308
26
-1598
732
297
-127
1219
-351
61
-805
-1433
-235
-738
676
-344
-325
-406
-706
209
59
-151
608
103
-796
-29
535
-775
130
-740
-944
-712
-1147
474
-522
1582
-621
-1481
-665
47
-1
628
254
-775
-47
644
-254
-32
7
263
378
1357
-292
-669
-503
-125
-942
637
582
245
-33
261
-1080
161
331
-384
-433
214
-318
-581
619
-107
-35
-41
939
935
-554
-1286
1108
-1097
-261
-74
-414
828
-211
486
-162
-834
217
-395
-63
1011
1066
-370
-383
126
-432
306
-928
144
136
452
-25
404
998
-657
-645
1577
1211
-13
-303
-227
452
-882
1116
-973
-243
222
-877
594
399
1060
-81
-791
-841
332
326
577
272
215
-1478
-121
3
-115
-925
20
-1154
787
426
285
-118
1027
-758
-1161
-300
-973
810
49
-640
659
617
571
-296
926
160
-17
696
729
-463
-14
-10
413
-481
451
518
-445
-387
970
93
1576
268
-345
12
-260
-330
-1439
-1049
-377
508
-161
-275
-277
-58
-24
137
-418
-228
862
25
-447
388
-11
38
-497
-5
799
552
-140
-828
-910
180
-127
-3
-33
-390
203
-1216
-927
-6
-885
65
-292
-1618
945
-999
242
-745
-196
1282
615
-87
-755
-388
801
191
-332
-714
315
-892
50
-324
465
-1142
945
-56
863
-64
986
814
1106
238
317
48
-863
-1407
143
25
-1027
-620
302
-1208
1644
-898
938
684
-166
-1170
-757
-913
-54
-382
-709
-1052
342
332
-466
-581
-620
-72
163
-650
-155
-298
-344
-733
850
927
-295
79
-1110
-40
-35
139
3
1507
67
-14
541
-178
