128
-61
-44
-53
77
-8
-39
19
229
46
49
24
36
29
45
92
-11
-83
-55
15
57
49
-15
63
-78
-57
48
86
-51
-21
90
-71
55
-14
-73
-25
42
-120
-43
53
69
127
41
14
-31
91
25
-80
60
-57
23
34
138
56
-2
-118
18
107
25
129
-54
96
77
-89
-12
71
66
36
25
51
96
48
7
-11
-30
-54
-14
41
71
-49
13
11
-20
-101
-16
-16
-179
-124
3
26
42
-7
-62
-30
-58
111
15
28
33
30
-8
2
-123
21
1
126
-36
27
100
7
-18
-90
43
12
-19
107
5
69
46
45
-30
73
-54
0
-61
-1
116
-10
-17
-3
84
65
214
84
-72
103
17
104
-61
-76
36
-112
-47
150
-62
-61
78
5
-16
-33
178
82
-21
18
-148
56
17
-14
-96
52
46
87
-30
-31
-177
43
132
-66
64
79
-41
43
-91
8
-79
9
3
-2
0
70
9
82
113
18
-97
51
-28
-41
-107
140
47
-40
-118
10
29
8
92
19
-101
-13
48
-91
10
-79
35
137
17
72
12
-84
-70
19
5
-100
-13
43
-153
-69
42
-2
-47
-71
-2
47
-37
114
44
-72
61
191
83
30
57
16
54
139
-92
-62
55
-22
-19
67
142
-3
33
11
-108
25
19
61
37
119
22
46
96
-70
15
-104
37
-43
9
-13
110
29
-50
102
109
-115
94
-18
-14
52
-99
-68
73
48
-14
60
27
26
96
10
-15
-106
32
39
78
38
46
-33
-75
13
6
-20
30
88
-28
111
78
7
82
-71
100
-120
-10
53
-31
-12
23
-1
43
-69
38
-61
-12
-72
-25
3
4
-42
-35
93
-42
-27
-133
-110
124
-22
70
-96
-57
6
48
87
-24
-30
116
-56
-114
14
-16
23
49
-30
-14
-23
65
23
40
-19
81
30
57
-23
-109
-43
84
-73
-12
65
53
-75
-81
-17
29
-58
124
-40
-105
-37
100
-105
41
49
-107
-39
49
76
-60
56
145
167
-174
-47
-12
-95
4
29
-54
-32
-6
-53
-39
-74
-20
-7
-24
120
59
-52
98
-145
-91
-23
-2
102
68
-80
-63
-28
93
-9
48
97
12
119
49
40
23
81
-7
-40
75
10
44
-86
-79
25
47
180
55
15
120
53
109
8
26
-77
154
54
81
88
164
-67
-127
-36
20
158
94
69
181
86
35
23
11
55
-96
-77
32
96
-60
-36
-56
114
76
37
12
17
54
-57
-58
11
-71
-44
-78
44
-10
72
-5
14
36
20
18
-46
-19
-56
113
6
-53
65
-24
68
-24
-29
86
140
-71
158
-84
63
9
62
-101
-41
-79
95
-144
58
-6
21
10
-23
-103
25
60
-39
-45
161
16
-184
54
88
-5
58
2
-31
-126
-26
-19
91
129
-8
58
121
41
-18
75
-70
-1
-1
168
-99
87
162
5
-22
28
44
-66
-88
-107
-24
-4
-116
23
-105
-22
-58
32
-31
-43
-26
10
-32
34
-5
-25
-31
-92
158
105
13
27
-87
-116
23
49
-39
-61
112
47
-93
13
172
45
56
-35
24
-89
-81
-45
-68
-1
-64
-11
-39
-104
24
51
71
-143
114
-111
49
-103
12
12
-7
8
51
-24
67
-31
76
119
4
96
56
97
5
1
78
-125
-7
199
-85
59
-30
2
111
7
90
-39
-27
68
150
-143
-21
-56
148
-76
64
23
-1
-113
16
23
25
-46
-19
5
16
-58
-7
175
51
-74
-51
78
-61
54
-51
15
2
38
166
105
155
25
44
144
68
53
-15
-18
-23
76
6
52
-5
-36
112
-72
37
131
17
64
61
132
24
-47
266
-136
29
-21
-46
-49
-23
-21
-49
8
-188
-42
131
-91
14
-138
-12
19
-57
-25
6
73
56
-81
-3
62
9
28
43
-126
-3
7
13
-103
-96
22
93
-75
3
-31
-75
34
59
-19
12
-66
-90
135
-12
6
-50
-137
80
172
-55
23
44
-82
-16
-20
7
-69
-102
45
46
90
-22
-18
-49
114
-24
66
73
5
10
-7
106
-39
49
-64
-57
16
-62
33
101
-88
-94
27
83
20
32
-14
-46
35
-53
-88
60
-23
48
22
98
36
26
20
52
17
12
-67
-88
-36
-17
35
34
-90
59
36
-16
52
-101
96
29
11
-54
54
15
-105
-71
18
28
45
43
75
-116
-46
41
5
-16
-52
1
-26
-48
-68
50
33
-56
26
54
-32
56
-121
15
15
30
-99
-48
-43
-26
-27
35
46
-53
57
-42
66
145
-2
-108
61
120
-48
-103
57
12
72
9
98
-14
-90
-12
-22
-1
-25
70
-25
52
-51
0
27
64
-65
-14
135
-38
-73
-62
86
-47
-73
-18
0
-55
123
-10
-68
-60
10
-19
41
-25
-61
81
-92
-13
71
39
142
-5
102
88
56
-66
66
119
39
-118
88
64
180
-15
-21
-105
-6
45
-34
-58
84
26
-61
77
-181
-113
78
62
1
48
20
-15
-85
81
73
-130
72
56
-197
-37
-81
46
-38
73
45
85
27
42
56
-8
4
26
87
24
-52
-28
-27
127
-125
-120
60
-99
-77
-15
-13
-26
109
-21
-27
-150
-126
108
165
40
12
-60
-110
-44
61
-103
97
-50
12
-7
95
-6
-51
82
-39
16
-15
-54
-15
-32
-1
