37
-6
10
10
19
-14
28
20
90
20
41
-75
25
86
72
-27
37
-88
-35
53
0
-59
8
2
-17
-39
3
-12
-2
-8
22
-12
-34
65
-52
-15
59
-9
7
-14
68
44
23
6
-1
85
43
14
37
-34
-8
38
22
-8
34
-8
23
-22
4
74
-19
103
-3
9
20
27
10
-4
53
3
54
-9
-26
-27
-41
31
3
20
11
-39
-7
20
49
-50
-41
40
-51
-19
38
-10
7
-38
2
-63
-43
36
64
32
-18
0
-13
65
-36
22
93
12
43
-13
15
34
-31
38
15
37
22
46
-2
1
48
-7
40
30
-37
-6
41
29
50
56
-47
-10
52
63
49
-19
-45
-24
-11
4
-5
7
44
-39
18
30
-32
-7
7
55
-23
20
-8
1
2
-24
6
30
6
-8
-41
2
50
16
-68
11
-2
60
46
63
11
-5
32
-17
-21
20
-45
-37
-26
14
-51
12
-16
1
38
37
-6
36
19
22
-16
35
48
-12
-89
15
-51
22
9
45
80
10
6
47
-10
41
33
-50
15
-12
-19
1
46
7
1
13
-18
9
26
7
-4
-28
7
-21
37
40
33
9
-31
9
19
87
21
14
-20
-15
33
14
6
31
-13
-45
50
18
-9
20
5
-8
-37
11
19
41
29
-22
-31
46
6
1
67
-5
-26
-5
41
-61
13
-23
45
55
15
-2
5
16
-34
2
32
15
-44
-9
21
32
-42
78
41
-14
-19
-35
10
4
27
37
-6
25
16
-13
-4
-17
-18
35
-34
53
-15
23
24
-8
23
-11
-36
-35
14
1
29
7
-33
4
-35
25
44
24
-1
-1
16
-28
-30
-35
37
-30
-83
41
31
-39
1
30
-7
4
46
-18
6
-74
6
2
-14
1
27
4
46
26
65
16
53
84
11
5
26
33
62
31
-27
20
-8
9
0
2
29
-28
-38
26
-72
-14
49
24
46
-69
-2
-14
-2
-30
-4
-64
21
50
-47
16
66
26
-3
20
50
-44
12
57
19
33
37
19
51
36
50
72
39
0
20
15
21
-53
-27
42
51
59
-32
-12
-49
11
17
-16
58
45
-16
36
-22
7
6
-51
14
-19
-23
8
-7
14
-22
-37
28
46
-28
0
58
21
23
26
-8
-4
58
-13
-4
58
11
40
-21
3
-73
39
67
29
40
9
-2
27
59
8
-35
44
5
-3
22
21
-31
35
-2
-3
-6
54
-2
15
-43
-11
-51
12
67
1
-40
-26
-56
-18
9
47
10
-65
71
-27
-22
12
-4
6
-12
-6
23
68
-5
-32
-39
14
-36
33
34
-62
-66
-25
10
0
-51
-1
31
1
-15
-17
-38
33
15
20
-40
19
8
-18
56
21
5
36
-17
56
-30
-1
-25
64
10
36
-32
55
-18
-30
32
25
7
-15
88
27
50
70
-34
-4
14
4
22
33
35
25
2
-1
-3
-32
0
-32
4
-8
68
-16
40
-26
24
-31
30
5
-74
57
60
-6
-24
4
-44
-49
12
-19
-22
-36
-37
-11
24
31
0
-37
-30
31
-36
14
12
-31
28
28
34
8
-38
-36
24
8
-47
46
27
9
0
22
-9
44
71
0
-46
-9
-53
-4
38
7
74
46
28
20
17
56
64
40
72
24
6
-20
33
42
67
18
14
-10
37
8
-54
-22
59
75
-4
3
18
-16
32
40
-30
17
-10
-26
27
-43
-35
79
40
-7
-16
-61
81
-6
22
6
27
-19
-36
75
102
34
24
-26
54
35
28
44
59
-47
88
-48
76
-11
40
75
-55
9
22
44
27
33
35
9
0
65
-57
-17
27
-39
34
40
4
-10
7
-58
-10
21
20
-31
-29
27
85
24
6
16
-16
42
11
20
39
41
-82
-37
-14
76
-17
-52
-2
-8
-19
50
-25
30
-59
-53
11
5
-15
-47
44
29
12
34
23
-55
10
-3
17
6
-2
26
-44
57
28
93
-33
0
-12
7
69
30
-1
-30
-5
31
-14
46
-3
52
-19
-5
-6
-38
37
-20
-16
16
70
-3
-6
-22
45
1
11
0
23
-9
42
-33
-13
11
-42
17
13
-2
27
18
44
28
-19
92
16
10
-48
-10
-23
-22
-24
41
-18
44
52
-30
-1
10
-26
-2
-21
-15
23
44
-1
-69
22
18
10
23
-28
49
41
-44
-6
-45
-20
13
-11
17
-30
-25
-32
31
39
27
-27
26
50
37
-28
-11
-4
-29
60
57
9
-2
6
33
-1
16
22
-7
71
-10
11
-47
-17
12
48
-76
-35
3
-13
-25
4
-13
15
-47
-5
-11
-27
-6
47
40
-67
27
-2
3
6
-24
-15
32
16
-18
43
-7
20
-46
40
-54
54
-28
0
-32
-66
39
12
-62
22
-8
11
38
61
41
41
-9
11
8
-41
-45
18
47
42
-16
-23
-8
-30
0
10
14
-1
37
58
29
8
-82
5
-23
44
76
16
11
-32
34
6
-27
4
23
8
-47
-44
-23
39
35
-28
0
-67
9
11
-24
-25
-15
33
76
25
-1
-30
41
16
-64
121
14
29
28
49
-28
-40
14
82
-74
-25
25
8
57
-3
-34
-9
-49
-17
42
4
-24
19
10
67
-19
-23
-18
5
-45
13
-23
-13
-11
7
