-106
-17
118
-54
119
-20
38
-93
-20
-49
84
-32
-78
-8
-124
-16
40
30
20
-61
122
-126
-61
19
-125
-37
60
-60
-10
-103
-60
61
-15
189
-54
103
15
14
-34
112
-82
-14
-123
47
-38
181
21
-29
-62
-72
30
22
0
16
50
73
-21
114
-122
94
117
64
-16
87
50
-102
-97
70
-90
37
-94
93
215
17
20
-74
105
-179
-34
15
15
56
138
-49
-20
-13
17
-7
80
40
-158
15
-73
14
-173
-35
29
-140
-60
14
105
-29
30
76
92
90
133
38
18
-94
52
57
-30
-44
47
93
-93
34
83
-54
52
14
-34
141
14
-184
127
86
41
88
40
-85
15
166
-59
68
28
203
35
-114
-8
-33
21
-7
71
20
-104
119
2
29
197
91
87
43
16
-73
68
26
-26
-2
-44
-90
54
-68
-89
-100
14
-43
-57
-30
78
10
3
73
7
-33
38
-40
9
-51
-114
111
37
-89
119
86
-12
18
-65
20
106
-53
43
11
36
37
-100
153
97
45
-47
144
-58
-9
10
-40
-71
-103
13
-51
19
139
-40
14
110
-83
-140
-76
-80
53
133
106
-51
50
60
-92
-85
-72
159
24
-69
-29
-211
15
-83
52
114
-58
108
14
85
-133
78
35
-54
83
-2
-35
58
-62
-44
-7
-135
-105
-5
-63
115
-34
-12
2
-3
-41
-157
39
-116
50
26
-133
25
-139
75
9
51
15
-112
-94
81
-67
26
67
-67
47
144
7
215
60
8
-171
-68
-52
-57
-98
35
110
-62
36
-134
-48
19
72
72
-79
-32
161
22
152
-63
4
100
22
-133
18
-88
15
74
-48
-41
-99
10
110
-103
15
72
12
-147
47
10
-1
40
-164
-109
12
186
-71
-12
80
-107
2
33
77
-98
55
-4
4
206
97
40
-69
-65
-28
99
-64
-145
30
19
127
57
83
26
26
14
-38
46
118
-78
113
-5
91
-33
170
130
29
-68
-87
-40
-95
-70
104
9
38
-71
60
77
-58
-38
-75
23
19
43
-52
6
26
54
95
16
-33
-122
-11
100
18
2
15
85
16
20
-3
17
21
-11
-97
-25
25
84
-41
37
109
115
-70
-25
81
7
6
118
-46
66
8
-15
162
-47
141
29
83
-99
-140
133
72
-79
76
-40
190
-8
48
3
-48
218
-107
-66
81
-25
164
39
-43
120
-57
37
-23
-191
-86
68
44
119
-37
-83
65
23
36
-113
18
-42
58
-54
-80
47
66
-11
-101
38
-39
59
25
-22
-83
52
-1
-44
-72
-50
67
155
21
-54
31
101
-28
37
24
157
-73
-186
-44
93
-63
-148
-97
1
-72
84
-61
51
89
-128
-204
123
115
73
109
-34
-79
-51
59
28
66
-39
-21
-85
-16
185
93
-91
-59
-26
-36
41
-79
71
38
-58
97
-99
40
-42
-29
7
62
-59
-79
56
-75
-56
80
88
-69
-14
-115
-172
43
61
-27
-46
35
47
-38
54
-57
10
22
35
-51
123
-89
-103
45
15
-118
54
108
-41
-82
-31
-76
-25
160
-26
32
127
33
25
147
4
-88
13
93
-41
-60
-26
-65
100
-58
32
65
-252
31
-96
-114
6
-107
-100
-6
-66
47
-84
67
38
26
-17
-165
34
75
-9
52
7
-5
82
53
-10
64
-62
-60
-13
18
21
6
50
-36
63
45
-109
134
211
130
151
7
-80
77
51
107
-80
5
35
-135
7
-57
-9
-75
-39
53
-67
0
-99
35
-9
79
-35
74
12
67
3
79
-93
36
6
177
131
2
93
109
-94
83
-25
23
75
8
-13
11
-118
0
52
-191
-7
101
-86
90
70
94
-62
-5
98
-126
-81
134
-76
-24
-79
-138
41
245
-43
-65
26
0
-86
85
-99
72
-13
24
142
-7
19
43
132
42
-42
49
-40
8
37
-21
4
-117
-44
66
-31
118
-53
118
-20
-85
35
-131
-92
-80
18
-54
-33
43
147
-70
23
-98
6
124
-138
-14
64
-15
-65
-2
-62
-2
22
-43
-17
144
-84
-34
75
15
18
-76
102
-58
47
114
27
66
-43
7
47
-101
23
-17
-49
63
18
95
12
32
-42
-84
-108
74
7
88
-19
-13
54
34
55
67
-21
-85
166
96
96
94
66
136
25
31
-15
88
-157
190
-24
-24
-68
-6
-123
-115
16
108
5
44
-27
80
42
-44
111
24
-42
-20
54
105
-29
-21
163
-16
75
63
-10
-37
-177
6
19
15
-42
-14
-10
-77
69
-22
-8
-35
135
-130
-42
31
-155
49
-22
7
-22
74
7
55
111
-12
5
42
-74
-115
81
98
-59
82
53
-59
34
-148
-30
-75
36
-66
-20
62
141
-64
-36
-173
93
-24
-32
-58
43
35
-71
19
-164
-50
38
-17
21
94
-78
57
-109
2
-158
112
4
22
49
79
-74
9
1
-1
27
-42
71
-51
-36
-54
31
-223
1
-156
24
-13
-63
-98
127
57
-49
129
0
-31
72
6
-66
15
196
-42
160
-33
69
-86
62
-107
-61
64
46
109
-247
40
8
6
184
123
53
33
46
-67
54
82
38
-78
15
2
171
-47
-6
-25
1
-36
-22
-38
-138
-26
34
-59
96
91
-16
101
-54
-14
20
7
159
9
20
-67
-65
121
97
86
143
60
40
