53
4
10
-29
27
41
8
-2
-30
-81
1
-28
-1
23
0
28
23
42
-29
-7
40
-10
22
2
29
73
-26
72
3
-16
40
40
-16
42
5
5
49
-11
-6
93
-20
0
-11
20
7
17
67
-20
20
0
-68
55
-45
25
-35
6
-105
11
-37
68
37
32
-66
31
-19
10
37
8
-24
41
5
14
44
37
6
2
8
-78
42
48
-4
-49
27
54
75
-19
-72
-16
91
-21
-110
34
-55
-21
13
-48
-32
-81
58
5
146
36
10
4
-13
38
41
-13
6
-54
-10
137
-22
-30
16
8
39
40
55
1
25
24
-7
86
-31
50
17
58
-20
3
54
82
7
42
-29
42
-6
75
8
-15
-42
-9
41
10
85
12
-68
35
22
66
31
49
-10
64
30
17
9
20
-16
-32
19
-32
4
-8
-10
20
13
71
-44
20
2
-9
-15
-8
-14
-14
-11
-11
7
-25
5
14
34
-22
46
56
40
54
-7
1
8
7
72
-36
-15
17
-12
23
-70
22
18
22
14
49
65
53
10
-55
54
-26
-25
11
-17
52
127
-22
1
-3
-4
-32
25
101
1
-27
-3
-9
15
-30
59
33
-22
-35
-68
33
6
42
39
-21
-35
53
-11
94
9
-9
-43
28
18
-4
35
32
-57
14
35
-14
-13
-20
-2
31
57
15
2
110
-22
13
21
0
-43
-22
0
-26
5
-10
53
2
64
-35
63
-23
-45
7
-58
20
-2
15
44
-22
-16
18
34
-31
-30
-38
-24
18
-12
-14
8
8
-16
-6
6
-38
-10
37
79
22
77
-41
20
0
10
19
-67
0
4
-38
-17
-20
8
76
47
19
-55
17
-26
-10
-18
-84
-5
0
-3
46
2
-11
10
18
1
-17
10
6
-50
-19
31
0
121
35
25
50
17
48
98
3
-30
-3
28
48
31
-22
2
-45
-51
7
26
18
6
30
29
18
35
45
71
-49
-31
-2
39
-32
-18
14
12
12
-40
4
17
56
51
-19
-46
6
57
17
4
20
-6
44
-52
-14
-32
56
-7
44
48
-19
-3
77
26
-3
-2
-44
-82
-60
20
0
2
-46
55
-11
56
-28
11
92
-40
-12
-27
-14
58
26
19
71
24
21
-29
-22
10
-12
69
-40
39
-59
-5
56
10
-25
6
7
-14
-41
7
23
36
70
114
-13
-15
18
-5
-13
0
-27
6
8
52
-17
-48
-12
-13
10
-79
-26
9
34
38
-27
-11
-11
50
8
-1
43
30
-37
-2
-43
9
-13
-41
-62
16
39
11
14
-13
44
50
5
34
-28
74
5
-48
-18
19
26
-2
-44
12
11
29
-29
61
66
7
-33
21
91
8
39
12
-8
-30
-34
6
-65
43
33
14
-12
18
47
-69
20
-43
31
31
-12
61
-24
-39
40
-29
9
-14
67
-23
-5
-44
56
8
-42
-23
-35
53
-3
55
48
-28
24
21
-51
38
18
50
-17
67
55
25
29
12
26
-11
-10
18
-68
-44
-6
41
43
-28
-23
20
-15
-21
51
-17
34
15
39
-27
-20
5
9
-8
36
-7
0
43
-2
8
25
64
52
-67
-47
9
-87
-27
-14
26
74
39
10
-61
39
-17
12
7
-34
-49
-2
-15
67
-45
-32
13
0
-18
28
-24
10
-35
30
10
20
-40
63
2
-2
29
-24
-35
24
-25
17
-4
33
-37
-18
50
-57
-27
25
-52
43
-4
39
2
62
-57
9
-7
48
48
40
8
21
11
46
16
55
5
76
85
52
35
0
34
11
-11
18
-24
23
48
-18
-76
87
-17
-3
19
9
-23
-55
-5
-15
34
25
-41
22
36
35
-29
34
30
5
-8
-25
-7
11
-26
35
-13
9
-40
27
-14
34
7
-64
10
26
34
20
-34
11
-29
53
24
-19
5
-14
26
-112
-4
-16
12
56
-20
17
-29
-44
9
2
-34
0
40
6
-24
22
-49
-9
3
2
-76
46
16
-4
-51
-4
-16
23
-41
23
-24
-36
30
28
-26
39
14
39
-25
9
25
-30
-20
12
17
-58
-35
18
41
4
15
73
-44
-3
69
-24
-7
9
30
-24
18
17
20
-22
45
-4
-3
9
3
39
-33
-12
95
-19
6
33
-63
12
16
6
-39
-8
-45
39
21
-30
-41
43
3
-95
15
-49
-60
-41
46
-26
8
-56
-2
-35
18
-54
27
54
33
20
34
-45
-35
51
22
-25
33
-12
-3
16
-27
54
61
57
58
25
-21
48
-6
-19
-15
51
-19
44
23
-10
-13
-10
-37
22
-7
-5
37
-3
15
24
-93
65
-14
48
15
52
55
-2
21
-26
5
5
-22
-30
76
32
-12
0
14
-43
-18
-29
19
-19
-13
-17
-8
-2
-3
-10
12
1
-55
-34
-8
4
-13
13
42
-3
-17
9
48
56
9
-42
-2
24
21
20
-39
-4
31
-35
-4
18
61
56
-51
29
35
-13
22
-7
19
-12
-46
-6
20
20
31
26
106
1
60
10
32
-38
19
39
-5
-4
-98
66
-68
40
-49
-36
13
36
6
-13
2
-15
16
16
-24
26
-33
38
21
25
29
-23
5
17
-33
61
26
30
42
73
-12
17
-75
-9
17
39
22
32
-30
-10
-40
54
97
-4
35
-38
-60
